7.0675
6.71661
6.3318
6.3318
3.81761
3.81761
3.81761
1.87762
-1.02903
-2.27889
-0.27651
-0.355632
-0.506398
-2.92485
-2.05765
-1.40473
-0.188853
0.715934
-0.190127
-0.331525
-0.331525
-0.696744
-0.696744
-0.78087
-1.9937
-1.68654
-0.43565
-2.22738
-1.68275
-2.71426
-2.23904
-2.26043
-0.799834
-0.707532
-0.707532
0.973275
0.0152996
-2.68585
-2.68585
-2.1093
-2.03167
-1.88788
-1.88788
-1.3047
-0.511782
-1.51001
-1.51001
-1.21439
-1.21439
-2.61933
-0.933042
-0.418839
-0.418839
-0.418839
0.800763
0.970161
0.750234
0.750234
0.750234
0.33257
-1.47047
-1.47047
-1.47047
-1.79238
-1.66619
-1.66619
-5.10388
-2.31669
-2.31669
-2.71617
-1.76621
-3.64755
-4.0028
-4.13199
-4.13199
-3.33468
-4.27126
-4.27126
-4.83189
-4.83189
-4.83189
-4.83189
-4.83189
-3.94583
-3.72173
-3.72173
-4.42194
-4.42194
-4.42194
-3.13371
-2.21998
-3.92113
-0.860626
-0.860626
-0.462258
0.888359
-0.313628
-0.313628
-0.313628
-0.206576
-0.206576
-2.5336
-2.5336
-1.44834
-1.17329
-1.17329
-0.496871
-3.3192
-3.3192
-2.68241
-2.68241
-2.68241
-2.18624
-2.15898
-2.15898
-2.15898
-1.61274
-1.62771
-1.62771
-0.705166
-0.705166
-3.15054
-3.70844
-1.9056
-2.76555
-1.51609
-3.64716
-0.188716
-0.188716
-0.767625
-0.632102
-0.632102
-0.632102
-0.754763
-0.405451
-2.53282
-3.36566
-1.84578
-1.84578
-2.73307
-0.74802
-0.74802
-0.967147
-0.967147
-1.06273
-3.20867
-3.20867
-3.44965
-3.96691
-2.61441
-2.10574
-3.07828
-2.55411
-0.202312
-0.202312
-0.788177
-0.546397
-0.232505
-0.232505
-0.232505
-3.41274
-3.40188
-3.40188
-2.88248
-2.88248
-2.53795
-1.49588
-1.70367
-2.00451
-0.603064
-1.02265
-1.76846
-1.78846
0.352986
0.172625
-0.612315
-1.1837
-0.315826
0.325125
-0.793653
-0.793653
-0.793653
-0.941797
-0.419035
-1.23367
-1.32788
-2.66822
-2.07855
-2.74662
-2.99935
-2.99935
-2.99935
-2.29886
-3.19457
-1.36071
-2.28306
-3.71505
-2.10466
-2.10466
-2.23761
-0.514366
-0.514366
-0.514366
-1.85555
-1.85555
-1.85555
-0.713768
-1.85514
-1.14763
-0.71937
-0.71937
-1.27393
-1.33905
-1.33905
-0.74653
-0.448457
-0.448457
-0.382416
0.649654
-0.375513
-0.375513
-0.375513
-0.201014
-0.669011
-0.669011
-2.80954
-2.80954
-1.65523
-0.792187
-0.477655
-2.22122
-1.95842
-1.08862
-0.363871
-1.07266
-1.07266
-1.10038
-1.42626
-2.48238
-2.48238
-1.02978
-3.05011
-3.98528
-1.88702
-1.88702
-0.990303
-0.69854
-0.181647
-2.05791
-2.28442
-2.79292
-3.1538
-3.1538
-4.43826
-3.866
-0.869444
-0.935408
-2.8254
-1.55848
-1.47889
-1.47889
-1.03821
-2.56501
-2.61621
1.08002
0.858476
0.858476
0.173084
-0.253668
-0.565622
-1.82827
-1.53339
-3.47442
-3.68338
-2.86692
-2.86692
-4.07434
-4.07434
-2.52798
-2.30353
-2.26552
-2.3753
-1.13079
-1.13079
-2.75968
-2.5778
-2.5778
-2.5778
-1.47281
-1.72973
-2.59597
-2.59597
-0.691434
-0.691434
-1.5495
0.638943
-0.142483
0.251791
0.251791
0.251791
-0.737749
-0.737749
-0.737749
-0.737749
-0.737749
-0.737749
-2.06648
-2.06648
-2.06648
-0.838577
-0.146291
-0.146291
-0.146291
-0.14082
-1.36319
-1.36319
-1.09937
-0.697528
-1.26008
-1.26008
-0.744167
-0.744167
-0.206536
-0.206536
-1.53779
-0.903224
-1.11093
-0.92064
-1.51312
-3.31124
-4.43683
-1.99156
-1.99673
-1.61846
-1.61846
-1.61846
-2.18446
-2.18446
-2.18446
0.28925
0.28925
0.776114
0.776114
1.09086
1.09086
0.699919
-1.54054
-0.909944
-0.345457
-0.703681
-1.52944
-1.52944
-0.751101
-0.751101
-0.559825
-3.04021
-1.0726
-1.0726
-1.0726
-3.01852
-0.996256
-1.31921
0.641776
-0.778915
-0.778915
-1.1315
-1.22741
-1.41741
-1.79362
-2.59437
-3.65801
-3.32325
-3.32325
-3.32325
-2.69175
-2.69175
-1.5938
-2.48788
-1.71935
-2.09141
-2.09141
-0.526982
-0.526982
-2.11762
-2.11762
-1.25449
-1.656
0.0842309
-0.500235
-2.87142
-2.87142
-3.37582
-3.37582
-0.997989
-1.94999
-1.2921
-2.04352
-2.97452
-1.71975
-2.14323
-1.81682
-1.69916
-1.69916
-1.69916
-1.83026
-2.08824
-2.08824
-2.81653
-1.66129
-1.66129
-2.23864
-2.23864
-2.23864
-2.23864
-2.94237
-1.40642
-2.04264
-1.80958
-1.80958
-1.21101
-1.70196
-1.12863
-1.38983
-1.02432
-1.02432
-2.13367
-3.18443
-3.33242
-3.33242
-1.56661
-4.14934
-4.14934
-4.06577
-3.0342
-3.0342
-2.39783
-1.30179
-0.216388
-1.50769
-2.50386
-2.35267
-2.10408
-1.33374
-3.26563
-4.4339
-3.98964
-2.30548
-2.30548
-4.20984
-4.20984
-3.23315
-4.10169
-3.2253
-4.16975
-0.799321
-0.799321
-3.02284
-1.78036
-1.82945
-1.82945
-1.50598
-2.19997
-2.92878
-2.92878
-2.92878
-3.32854
-3.32854
-2.15852
-1.25309
-1.40243
-2.81672
-2.81672
-3.28129
-1.57536
-2.01921
-2.01921
-0.681698
-2.13352
-1.49604
-1.00576
-1.15607
-1.15607
-1.15528
-0.802027
-2.55144
-2.50249
-0.978676
-2.70041
-3.9966
-3.54501
-2.05358
-2.07429
-1.92836
-1.92836
-2.82213
-3.25983
-2.33314
-2.14321
-1.65478
-1.70403
-1.70403
-1.70403
-2.92831
-2.49775
-1.97203
-1.97203
-1.35746
-1.11906
-1.94746
-1.94746
-2.33927
-2.33927
-2.04834
-2.4083
-2.4083
-2.25332
-1.38187
-2.15692
-2.02071
-2.02071
-2.55007
-3.34694
-2.99807
-2.53004
0.62138
-0.907343
-2.12567
-3.39135
-3.30994
-2.92482
-2.58385
-2.88353
-2.46907
-1.68836
-1.68836
-2.64656
-1.24569
-0.110028
-0.110028
-3.04637
-3.04637
-2.09049
-2.09049
0.884406
0.884406
0.884406
-0.740443
-1.59607
-2.42484
-1.47951
-2.4993
-2.82625
-2.58358
-2.58358
-2.71098
-2.71098
-2.50067
-2.50067
-2.50067
-2.50067
-2.70993
-3.29461
-3.30086
-3.38085
-4.79868
-3.03441
-2.94207
-2.26244
-3.75659
-3.75659
-2.16093
-1.89823
-1.76297
-1.76297
-1.76297
-2.01999
-2.01999
-2.13726
-2.51233
-2.51233
-1.86794
-1.86794
-0.865441
-0.921486
-0.769493
-2.35391
-2.35391
-2.35391
-2.35391
-0.131117
0.837574
0.550899
0.0116018
1.98365
0.0778358
-0.499954
-0.499954
-2.66434
-2.20055
-2.73874
-2.73874
-2.31571
-2.24705
-3.01444
-3.01444
-3.01444
-3.36155
-3.36155
-3.70486
-3.70486
-3.90945
-4.11724
-2.68989
-1.55656
-2.72576
-0.664249
-3.038
-2.72747
-2.72747
-2.72747
-2.72747
-3.1094
-3.1094
-0.435581
0.339224
0.339224
0.339224
-1.71296
-1.71296
-5.06923
-2.58486
-2.58486
-0.759195
-0.759195
-1.29743
-2.73273
-2.73273
-3.33126
-2.37719
-3.08942
-2.24843
-2.24843
-2.24843
-1.69016
-1.79723
-1.79723
-0.364797
-0.364797
-2.06509
-0.883251
-1.58555
-1.58555
-1.7536
-2.48283
-2.3077
-1.57739
-1.57739
-1.57739
-1.38481
-1.47079
-0.430777
-0.225746
-1.72697
-0.768836
-0.516606
-2.12736
-1.59678
-0.611475
-1.27695
-1.25477
-1.25477
-1.25477
-0.477418
-0.477418
-0.748149
-0.748149
-0.454692
-0.454692
-0.629284
-0.629284
-1.50179
-1.50179
-4.18524
-4.18524
-4.18524
-3.55229
-3.55229
-3.11189
-3.11189
-3.5838
-3.5838
-3.88331
-3.88331
-3.88331
-2.79265
-0.0146048
-0.0146048
-0.598637
-3.10514
-3.10514
-4.69074
-4.65891
-4.88077
-3.89657
-3.89657
-2.77005
-3.1309
-4.03095
-4.03095
-4.79751
-4.79751
-4.56168
-1.18113
-4.89556
-3.42684
-3.42684
-3.20355
-0.4059
-0.243049
0.150701
0.150701
-2.4924
-4.36982
-2.79851
-2.30655
-2.30655
-0.419624
-0.560537
-1.49283
-1.49283
-2.50527
-2.97863
-3.02212
-1.86237
-2.67046
-2.32061
-3.73326
-3.74024
-1.79517
-1.79517
-0.883132
0.747158
0.381764
-0.150532
0.438621
-0.292104
0.886438
0.886438
-0.536471
-0.184949
-0.184949
-2.13192
-0.933871
-2.94339
-2.94339
-2.66256
-2.74614
-1.89689
-0.653353
-1.28743
-1.23494
-1.29681
-1.29681
-0.226522
-1.22
-1.99425
-1.88596
-2.50674
-2.50674
-2.9244
-2.70704
-2.57913
-2.57913
-3.4038
-3.85283
-3.26704
-3.26704
-3.26704
-1.39315
-1.39315
-1.39315
-2.36127
-3.28275
-4.36272
-4.34342
-5.83206
-4.40182
-4.40182
-2.6408
-4.26418
-4.33634
-4.33634
-3.20779
-3.32941
-3.32941
-3.32941
-2.04392
-2.04392
-2.4549
-3.11015
-4.20426
-4.20426
-3.12932
-3.06375
-2.32373
-1.16875
0.605099
0.605099
-0.0622169
-2.0473
-2.0473
-3.32512
-0.82943
-0.99603
-0.99603
0.157175
0.166523
0.45237
-0.809
-0.809
-0.741513
-0.741513
-1.18698
-1.34531
-2.8397
-2.12768
-2.12768
-2.54118
-3.50938
-3.71796
-3.71796
-0.525011
-1.62221
-3.6922
-3.6922
-2.23656
-0.668167
-0.683367
-0.683367
-0.295943
-1.35107
-1.66177
-1.25605
-1.5991
-0.369834
-0.857734
-0.726652
-2.61323
-2.48118
-2.48118
-2.38782
-3.35576
-3.35576
-3.24854
-0.376444
-0.376444
-0.376444
0.310116
0.310116
-1.33656
-2.97273
-0.635921
-1.58974
-0.933574
0.089394
0.089394
-1.05321
-1.05321
-1.72717
-1.72717
-1.49534
0.0206996
0.0206996
0.382522
-0.681633
-0.681633
-1.161
-1.52839
-1.52839
-3.26546
-2.18467
-2.18467
-1.74335
-1.16494
-2.02704
-2.02704
-2.02704
-2.02704
-1.48662
-1.48662
-1.31428
-1.48048
-2.24506
-1.23377
-1.23377
-1.23377
-2.58698
-0.734899
-1.67918
-1.16151
-2.1277
-2.1277
-2.1277
-0.902117
-2.00153
-2.35642
-2.71409
-1.00439
-0.864412
-0.864412
-2.58229
0.724142
-1.6403
-1.6403
-1.6403
-1.6403
-3.31437
-3.31437
-3.31437
-2.51978
-2.51978
-2.51978
-2.51978
-2.53147
-3.64051
-2.97829
-2.67551
-2.64024
-2.64024
-0.987271
-3.42289
-1.85969
-2.72126
-1.954
-1.11506
-1.11506
-2.95898
-1.11159
-1.62984
0.163781
0.163781
0.163781
-1.12886
-2.2523
-0.904032
-0.773732
-1.84699
-2.56847
-2.56847
-1.15432
-1.17246
-1.17657
0.07833
0.596826
0.0621176
-1.24422
-0.651109
-0.651109
-3.37903
-4.26719
-3.34489
-2.4724
-2.32704
-2.32704
-1.48497
-1.80163
-2.57138
-3.61929
-2.75561
-3.70906
-5.38202
-3.52126
-4.12362
-4.2182
-2.00264
-3.44954
-3.41157
-3.41157
-2.91041
-2.85322
-2.10061
-2.10061
-4.40332
-4.40332
-1.7237
-1.7237
-0.0723557
0.494015
-0.727504
-0.836187
0.524051
-1.08482
-1.6996
-1.6996
-1.6996
-3.05203
-0.752781
-3.58066
-3.58637
-3.54273
-1.94513
-2.56928
-2.90572
-3.25769
-2.49159
-2.64037
-1.93761
-1.60635
-3.10223
-1.41304
-2.02016
-0.812263
-0.812263
-1.51813
-1.51813
-2.89918
-2.89918
-2.89918
-2.92019
-0.791559
-0.644328
-0.856114
-2.19193
-3.79829
-3.23592
-2.72372
-2.7755
-1.3939
0.195651
-0.72629
-1.26602
-1.26602
-1.26602
-1.26602
-1.26602
-2.18681
-2.18681
-0.931354
-1.41643
-1.41643
-1.41643
-2.1491
-2.1491
-2.08504
-0.819273
-1.60473
-2.31124
-2.19433
-2.19433
-4.25309
-4.25309
-1.30876
-1.30876
-1.30876
-1.30876
-1.30876
-1.35459
0.449564
0.583157
0.981463
0.981463
1.29912
0.893533
0.893533
-3.62727
-1.82222
-2.75738
-2.50545
-1.47618
-1.47618
-0.430537
-0.430537
-3.01555
-3.07628
-3.07628
-3.07628
-0.982805
-2.86991
-4.0689
-3.91028
-3.91028
-2.02192
-2.94832
-2.94832
-2.94832
-2.94832
-3.37329
-3.91801
-4.21089
-3.92347
-2.823
-3.1575
-3.18201
-2.19061
-0.814121
-0.814121
-2.56583
-3.10724
-3.10724
-2.67377
-2.4163
-2.4163
-2.4163
-1.79387
-2.76739
-0.40666
-2.40457
-2.40457
-3.6105
-3.6105
-3.6105
0.535133
0.119485
0.119485
0.119485
-1.00938
-1.00938
-2.55638
-0.0672469
-0.0672469
-4.67052
-2.02552
-2.02552
-3.3979
-3.3979
-3.94472
-4.25863
-4.10106
-4.04762
-3.65902
-3.65902
-3.65902
-3.65902
-3.65902
-3.65902
-2.58377
-1.88497
-1.88497
-1.71612
-2.02035
-1.48044
-1.48044
-1.48044
-0.423232
-0.758673
-1.27924
-1.08263
0.185177
-0.961279
-1.06717
-1.06717
-0.0284289
-0.0284289
-0.0284289
-0.0284289
-0.0205658
-0.480461
0.792872
0.684928
0.564637
-0.396572
-0.396572
-0.115248
-0.0443339
-1.15359
-1.15359
-1.15359
-1.15359
-0.457476
-2.01542
-2.57363
-2.57363
-2.57363
-1.48203
-1.48203
-1.48203
-1.48203
-1.48203
-1.48203
-0.84704
-0.84704
-0.352332
-0.352332
-1.49124
-1.49124
-1.68283
-1.18709
-3.39924
-4.50758
-2.80618
-0.842609
-0.842609
-0.842609
-0.842609
-0.870045
-3.393
-0.665935
-1.48894
-1.48894
-1.48894
-0.0763699
-2.50812
-2.36538
-2.82442
-0.313491
-1.33504
-1.69115
-1.46234
-2.27816
-3.35102
-3.07956
-3.07956
-1.74327
-2.91306
-2.4892
-3.05768
-1.5569
-1.98726
-1.98726
-0.828918
-0.828918
-0.828918
-3.12735
-2.95765
-2.83777
-1.94199
-3.82202
-5.51135
-5.83501
-5.13945
-3.50042
-2.2072
-2.02024
-2.66397
0.499941
0.499941
-1.01249
-1.01249
-2.89095
-1.80927
-0.0334234
-0.0334234
-0.0334234
-1.04628
-1.04628
-1.04628
-1.04628
-1.04628
-0.642984
-0.488888
-0.170988
-2.27985
-1.71868
-0.631483
-0.631483
-1.13326
0.442563
-2.25419
-2.25419
-2.51894
-1.21265
-0.26968
-0.567976
-0.567976
-0.766127
-0.618312
1.48934
-0.0101503
-0.0101503
-0.0101503
0.119354
0.119354
0.119354
0.119354
0.119354
0.119354
0.119354
-1.63236
-2.94749
-2.94749
-3.92279
-3.92279
-3.92279
-3.92279
-3.92279
-3.92279
-1.41098
-1.07687
-1.36737
-2.12964
-2.12964
-1.17422
-1.39778
-1.76198
-0.745099
-0.745099
-0.745099
-0.745099
0.621859
0.855609
0.357756
-0.279007
-3.2466
-3.5855
-3.5855
-1.79233
-1.79233
-1.79233
0.934708
0.934708
0.107287
-0.260457
-2.26692
-1.14688
-0.285294
-2.67757
-1.79209
-1.79209
-2.32609
-2.32609
-2.40781
-2.40781
-3.16316
-3.16316
-2.57039
-2.86877
-1.9854
-0.961233
-0.961233
-0.4355
0.211807
-1.01081
-2.26457
-1.86737
-1.86737
-2.055
-2.055
-0.272643
-0.501045
-3.39917
-3.39917
-3.39917
-3.50831
-3.50831
-3.50831
-2.44875
-2.44875
-2.44875
-3.21091
-1.83372
-1.39062
-1.20273
-1.20273
-1.20273
-1.24457
-2.19921
-2.39513
-1.4717
-1.38465
-2.27505
-3.86717
-3.86717
-3.86717
-2.64989
-2.08277
-0.972322
-0.972322
-0.972322
-0.88931
-0.88931
-1.06657
-2.11861
-2.11861
-1.56765
-1.56765
-1.14644
-2.46293
-1.19072
-1.64915
-1.64915
-3.41996
-1.11959
-1.11959
-1.72288
-0.463581
-0.463581
-1.25621
-1.55604
-1.812
-0.327424
-1.15177
-1.96028
-1.96028
-0.912431
-0.912431
-0.912431
-0.912431
-0.912431
-0.912431
-0.912431
-0.692275
-1.60488
-3.39144
-4.01483
-2.57637
-1.7309
-3.33443
-4.11564
-4.11564
-2.62993
-2.43866
-3.22136
-3.01241
-3.01241
-4.05863
-4.05863
-4.05863
-4.05863
-4.46405
-4.46405
-3.82482
-3.82482
-3.82482
-3.82482
-3.82482
-3.22136
-3.22136
-3.22136
-4.12788
-3.85209
-2.1018
-2.00745
-3.20975
-3.97848
-2.34015
-1.87495
-2.58364
-1.85495
-1.31108
-0.443746
-1.22004
-3.41406
-2.83045
-3.2969
-3.2969
-2.09925
-2.09925
-3.78239
-3.01321
-4.14587
-3.6903
-3.6903
-3.265
-3.265
-3.265
-4.98994
-5.26019
-3.60641
-4.89775
-5.70163
-6.01561
-7.13723
-7.10087
-6.92054
-7.07802
-7.07802
-6.53353
-5.79854
-4.41527
-4.41527
-4.35806
-3.0104
-3.0104
-1.35681
-1.37531
-3.83458
-1.89819
-1.56718
-1.13961
-0.683376
-0.683376
-1.27924
-1.27924
-0.100851
-1.91996
-2.11221
-2.58717
-2.58717
-2.58717
-2.58717
-1.61915
-2.41725
-1.27478
0.455092
0.455092
0.455092
0.87658
1.07628
1.07628
1.20895
1.20895
0.215437
0.215437
0.215437
0.215437
1.92662
1.92662
1.92662
1.98184
2.67944
2.74085
3.05993
0.364822
0.364822
0.364822
-2.54862
-2.1418
-2.1418
-2.1418
-2.1418
-2.18559
-2.18559
-2.10695
-1.87322
-0.761495
-0.387647
-0.509896
-0.509896
-1.62266
-0.693151
0.187441
-0.317613
-0.212818
0.253956
0.253956
0.253956
-0.785018
-2.87405
-3.50545
-3.50545
-3.22126
-3.76831
-3.76831
-3.76831
-2.94959
-2.23378
-2.23378
-3.16987
-3.16987
-1.26655
-1.00537
-1.83162
-1.69764
-1.69764
-2.91904
-1.78541
-2.00029
-3.42344
-3.42344
-2.5457
-2.5457
-2.5457
-2.6956
-3.12024
-2.67002
-2.67002
-0.565169
-1.29501
-1.29501
-1.1401
-1.1401
-1.44237
-4.17326
-4.17326
-4.17326
-3.93712
-3.25364
-2.3886
-2.3886
-2.77977
-3.35578
-3.35578
-3.35578
-2.42845
-2.42845
-1.73441
-2.8436
-3.55259
-3.22031
-2.11536
-2.11536
-1.92683
-2.61655
-2.53425
-3.38478
-1.70325
0.802067
0.802067
1.42287
0.752661
-2.25402
-3.66011
-4.0199
-4.00913
-2.0535
-2.0535
-2.15519
-3.83748
-4.80079
-4.80079
-4.80079
-3.54743
-3.04441
-3.28943
-4.96492
-4.96492
-5.46016
-5.46016
-5.29635
-5.29635
-5.65513
-6.23421
-5.07603
-5.61182
-5.61182
-5.61182
-3.46109
-2.52045
-2.47815
-1.86362
-1.86362
-2.74915
-2.19351
-1.38179
-1.38179
-2.47078
-1.5462
-1.29142
-0.425588
-0.613062
-3.61117
-3.14069
-3.14069
-3.14069
-2.50072
-3.00544
-3.94104
-3.94104
-2.70819
-2.54381
-2.54381
-1.83271
-1.65096
-2.67876
-1.80575
-1.80575
-2.357
-2.2143
-1.0925
-1.52826
-2.92214
-2.92214
-1.04655
0.10956
-0.945199
-0.549048
-1.55069
-1.55069
-1.55069
-1.55069
-1.55069
-1.55069
-1.55069
-1.55069
-1.06211
-2.00174
-2.00174
-1.86087
-1.86087
-1.86087
-2.31498
-1.75091
-1.70539
-4.83315
-4.18579
-2.85737
-2.43831
-2.43831
-5.47397
-3.57049
-1.63195
0.749191
0.749191
-1.25705
-1.48886
-1.48886
-1.48886
-3.46015
-2.14405
-2.45072
-2.98187
-1.31777
-1.31777
-0.76687
-1.52773
-2.33286
-0.689271
-0.689271
-1.13938
-4.14422
-4.13546
-4.09255
-5.1299
-2.20481
-2.65751
-2.65751
-2.89029
-2.79046
-2.79046
-2.79046
-3.46404
-2.14203
-0.901118
-0.901118
-1.68859
-0.486564
-1.43519
-0.293954
-0.61367
-0.61367
-2.57479
-1.01895
-0.585951
-0.585951
0.111683
-0.263174
-0.792328
-2.32167
-2.32167
-2.32167
-1.01934
-3.4904
-2.59324
-3.9494
-3.9494
-3.9494
-1.66193
-1.24707
-1.24707
-0.0784796
-0.958539
-1.06842
-1.06842
-1.06842
-1.06842
-1.06842
1.10104
-0.0856849
-0.272201
-3.65768
-4.52149
-3.30536
-3.30536
-2.43266
-3.20405
-3.20405
-1.74226
-1.077
-1.77536
-2.08062
-2.08062
-1.35528
-0.1877
-0.859544
-1.90757
-2.26529
-2.64424
-2.06454
-2.06454
-1.5919
-1.5919
-1.5919
-2.09361
-1.60864
-0.857213
-0.44364
-0.419251
-1.77372
-2.40782
-2.40782
-4.06628
-4.53973
-4.53973
-4.53973
-2.58306
-1.44818
-2.19459
-1.99268
-1.26549
-1.14479
-1.14479
-1.14479
-1.25137
-2.33726
-0.9124
-2.70558
-2.70558
-3.38314
-2.86998
-2.86998
-3.75612
-3.67732
-3.67732
-3.71332
-1.11722
-1.11722
-1.29228
0.70818
0.70818
-1.49229
-1.49229
-1.49229
-1.1259
-0.65454
-0.261953
-0.490329
-0.986291
-0.986291
-0.986291
-0.986291
-0.828052
-0.828052
-2.2755
-0.768398
-2.29396
-2.29396
-3.98944
-4.28224
-5.41316
-5.41316
-5.41316
-4.58257
-2.84714
-0.668639
-0.668639
-0.661795
-0.48515
-0.48515
-0.48515
-0.843778
-2.91772
-2.75962
-2.75962
-1.08147
-1.08147
-0.0210531
-0.0210531
-0.0210531
-0.0210531
-0.0210531
-0.0210531
-1.41051
-0.0615228
-0.659783
-0.659783
-0.659783
-1.62006
-0.917687
-1.96776
-0.520977
-0.520977
-0.0373795
-1.33777
-2.31748
-0.422803
-0.975674
-0.975674
0.081923
-0.701457
-1.37124
-1.37124
-1.37124
-1.22733
-1.22733
-0.497263
0.105331
-1.64945
-2.67289
-3.17081
-1.91353
-2.54004
-2.54004
-1.76643
-1.98802
-1.98802
-2.37674
-5.41048
-3.7603
-3.7603
-2.16715
-4.20347
-3.87397
-1.79049
-1.79049
-1.50805
-3.23336
-2.25535
-2.44458
-1.17385
-1.17385
-0.799117
-1.07705
-2.03146
-1.81168
-3.24393
-3.24393
-3.17091
-4.01365
-3.98419
-3.21493
-3.21493
-1.46946
-1.46946
-1.27872
-2.62963
-4.55131
-4.55131
-4.29533
-4.29533
-2.0553
-3.18796
-3.10614
-2.19422
-2.19422
-3.46318
-3.19646
-3.19646
-2.9424
-2.9424
-2.36985
-2.36985
-3.00454
-3.46867
-1.33915
-1.95973
-1.80158
-0.962039
-0.809453
-1.07475
-1.30367
-1.44879
-1.3429
-1.3429
-2.08365
-0.702128
-3.11431
-2.02497
-0.979477
-0.979477
-1.24928
-1.82743
-1.82743
-3.08335
-4.7048
-4.7048
-1.17748
-1.17748
0.320825
-0.813517
-1.13436
-0.864521
-1.78867
-2.40173
-4.10844
-2.5255
-2.5255
-4.31789
-4.31789
-4.56823
-6.15699
-6.15699
-5.6242
-5.6242
-5.6242
-4.89946
-2.9338
-2.9338
-0.812495
1.3154
-2.71966
-2.54974
-2.54974
-1.08062
0.141138
0.141138
1.28644
1.28644
-1.9338
-1.9338
-1.9338
-1.9338
-1.50152
-1.50152
0.272371
-0.86821
-0.86821
-0.520761
-0.756552
-0.756552
-2.99808
-2.99808
-2.99808
-0.673736
-0.673736
-0.673736
-0.673736
-0.673736
-0.673736
-0.673736
-0.673736
-0.644923
-0.449287
-0.449287
-0.449287
-0.449287
-0.323453
-3.44591
-2.40266
-3.09979
-3.09979
-2.95199
-2.95199
-3.43304
-3.43304
-2.35597
-3.07299
-3.07299
-2.89636
-2.89636
-0.661462
0.975399
0.975399
0.691179
0.308906
0.308906
0.308906
-1.91532
-0.924894
-0.71173
-0.355662
0.385302
0.385302
-1.72279
-2.84954
-3.90778
-3.90778
-3.90778
-3.83888
-3.83888
-2.6861
-1.08333
0.422755
-0.3456
-1.69604
-1.69604
-1.69604
-1.57736
-2.2775
-2.2775
-1.33576
-1.59427
-1.59427
-1.01087
-1.41085
-2.61158
-4.21411
-4.34382
-5.10027
-4.21366
-2.55109
-3.03858
-2.32831
-2.44917
-2.44917
-4.55106
-3.46945
-1.93804
-1.93804
-1.03204
-2.23862
-3.93197
-4.22403
-3.3415
-0.894601
-0.894601
-0.894601
-0.597805
-0.597805
-0.75012
-1.91704
-0.219688
0.323991
1.48845
0.729922
-1.46579
-0.225787
-2.5019
-2.5019
-2.5019
-2.5019
-0.790478
-0.790478
-0.790478
0.757098
1.59657
1.59657
1.05256
-1.04581
-1.04581
-1.04581
-2.36345
-2.4503
-2.4503
-2.80762
-2.4891
-4.32949
-3.57355
-3.57355
-1.11785
-1.13727
-1.5608
-1.5608
-1.5608
-1.9442
-0.451719
-0.451719
1.3666
0.432425
0.432425
-0.465856
-0.561514
-2.01439
-2.28873
-1.82862
-1.17609
-1.17609
-1.23034
-2.10069
-3.2879
-3.37851
-3.37851
-4.06451
-3.89125
-4.49859
-4.75462
-4.71726
-5.19677
-5.43519
-4.21821
-4.62294
-4.62294
-2.7363
-2.7363
-1.74171
-2.68197
-2.68197
-2.68197
-2.68197
-1.74663
-3.17155
-2.3282
-2.76771
-4.16465
-4.16465
-3.81487
-3.71519
-3.77699
-1.09291
-2.85934
-3.16628
-0.138611
-1.94842
-1.75587
-1.75587
-0.305019
-1.18741
-1.18741
0.318722
-0.932406
-1.19863
-0.814889
-1.97243
-2.72162
-2.35184
-1.29922
-1.29922
-1.29922
-1.32527
-1.32527
-3.69486
-2.49259
-2.49259
-2.52757
-2.52757
-0.300994
-0.300994
-0.300994
-0.544134
-0.544134
-0.544134
-1.54652
-2.36731
-1.82226
0.218313
1.6997
1.13733
0.995661
0.995661
0.995661
0.995661
-1.45975
-1.45975
-1.45975
-2.30755
-1.87491
-2.97131
-2.87983
-2.0425
-1.84832
-3.20383
-0.708175
-3.4532
-2.67316
-2.67316
-2.40024
-3.68738
-2.24732
-2.39046
-2.39046
-2.39046
-3.8804
-2.6711
-4.90229
-4.90229
-4.90229
-6.07255
-4.96275
-2.32754
-2.32754
-2.83445
-3.49399
-3.3323
-3.3323
-3.54943
-3.54943
-2.06344
-1.15646
-4.03032
-4.03032
-1.90611
-2.44065
-2.44065
-3.51496
-1.85907
-2.55291
-1.48499
-1.38618
-1.38618
-2.75944
-2.63707
-1.55052
-2.50993
-3.26421
-2.08655
-2.08655
-2.08655
-1.18669
-1.33119
-2.39652
-2.38978
-3.90375
-2.96076
-1.96853
-2.176
-1.2723
-1.77062
-1.77062
-1.87468
-2.57699
-0.982836
-2.5997
-1.69529
-4.17287
-4.17287
-2.99455
-0.880663
-2.97519
-2.97519
-1.4974
-1.4974
-2.22585
-2.22585
0.317697
0.145283
0.145283
-0.584562
-0.944141
-2.7646
-2.7646
-2.68911
-3.92786
-2.85606
-2.11726
-2.65389
-2.65389
-2.65389
-2.47122
-3.35145
-3.04439
-3.01508
-2.82071
-2.69956
-0.332751
0.586055
-0.603173
-0.603173
-0.970224
-1.23399
-2.25388
-2.84992
-3.25371
-2.35646
-2.35646
-1.78515
-1.52912
-1.52912
-2.58116
-2.45729
-2.45488
-2.67124
-2.14733
-1.59235
-1.59235
-1.59235
-1.19117
-0.919763
-0.0168778
-1.22509
-1.22815
-0.303653
-1.60689
-1.60689
-1.60689
-1.60689
-0.867738
-0.00463694
-1.66362
-2.12991
-1.04837
-1.04837
-1.04837
0.508015
-1.35487
-1.35487
-2.55232
-1.76878
-2.09778
-2.07835
-2.07835
-0.293417
-1.1959
-1.1959
-1.1959
-1.1959
-3.42095
-2.97099
-2.97099
-3.87096
-3.64455
-3.64455
-2.75165
-3.17505
-3.17505
-1.48636
-1.48636
-1.2615
-1.2615
-1.2615
-0.658931
-0.203182
-0.203182
-0.376509
-0.376509
-0.376509
-0.247141
-0.117513
-1.35136
-1.35136
-0.573582
-1.5724
-1.81452
-1.19131
-1.19131
-0.894518
-0.103358
0.0809974
-0.146157
-1.52961
-1.66972
-2.29502
-1.99754
-0.786546
-0.786546
-0.786546
-0.941219
-1.756
-1.756
-1.756
-2.811
-2.61649
0.101093
0.462309
0.372641
1.56939
1.92295
2.51645
2.51645
2.33972
2.33972
0.385666
0.385666
0.803357
0.803357
-0.833628
-1.53273
-2.3979
-1.55642
-1.55642
-2.9117
-3.05894
-5.20179
-2.65117
-3.29745
-3.29745
-3.36309
-3.24271
-3.24271
-2.89152
-1.88593
-1.0216
-1.0216
-1.0216
-1.0216
-1.0216
-2.68121
-1.45241
-1.97453
-2.63157
-1.62707
-1.62707
-1.43232
-1.89264
-1.42122
-1.29266
-0.553221
-2.99447
-1.99492
-1.99492
-1.99492
-1.99492
-2.9648
-3.25331
-3.25331
-3.27642
-4.64391
-4.64391
-3.36263
-3.53506
-2.35316
-2.46347
-3.99763
-3.99763
-3.89851
-1.85289
-0.791968
-0.791968
-0.791968
-1.21456
-2.43098
-0.00813675
-1.12622
-2.72981
-3.77173
-3.77173
-3.77173
-0.215909
-0.215909
-0.215909
-1.00094
-0.947434
-1.07764
-1.445
-0.656921
-2.0927
-1.14101
-3.14041
-2.63368
-2.63368
-2.63368
-3.56407
-4.6129
-4.11145
-4.14175
-3.94861
-3.69978
-3.15081
-1.95705
-2.89293
-1.37548
-0.394895
-0.9183
-0.9183
-2.94687
-3.56264
-2.83118
-2.83118
-1.98432
-1.98432
-1.77778
-2.48926
-2.48926
-3.86051
-3.86051
-3.24831
-3.24831
-3.24831
-1.75432
-0.972597
-0.972597
-0.972597
-1.30544
-1.04593
-1.04593
0.347309
0.347309
-0.900562
-1.55022
-2.10508
-1.94259
-3.0439
-2.91533
-2.91533
-2.91533
-2.96548
-2.27385
-2.27385
-2.27385
-2.41781
-1.89407
-1.55714
-1.91759
-1.91759
-1.6579
0.860226
0.860226
0.438614
0.438614
0.438614
0.585828
0.585828
0.102298
-0.89232
-0.89232
-0.749053
-1.11758
-2.71183
-3.40551
-2.24512
-2.11059
-2.11059
-2.11059
-2.11059
-3.3809
-3.3809
-3.62798
-2.756
-1.49762
-3.17181
-2.84104
-1.64924
-2.94001
-2.93077
-2.93077
-2.93077
-2.99788
-2.65614
-1.56837
-2.48918
-2.51835
-2.79343
-3.32354
-2.45473
-3.38036
-2.05563
-2.68449
-3.35401
-3.35401
-3.74273
-3.55393
-2.76348
-3.83154
-3.83154
-2.61304
-2.83892
-3.86838
-4.14024
-2.09685
-2.22095
-2.56157
-2.08101
-2.08101
-3.78509
-4.95882
-4.95882
-4.11557
-3.25281
-2.1778
-3.97267
-3.80259
-3.80259
-3.80259
-3.6671
-3.04945
-1.38736
-0.487661
-1.98255
-0.97851
-0.662268
-1.35324
-1.35324
-0.750842
-0.750842
-2.14941
-2.52956
-2.58222
-1.56372
-1.13177
-0.855147
-0.855147
-1.22376
-3.73561
-3.73561
-0.715934
0.587638
0.00814235
-1.60888
0.102191
-0.0497331
-0.209241
-1.30949
-2.36176
-2.36176
-1.51708
-1.88595
-3.46837
-3.46837
-3.46837
-4.83927
-5.40652
-5.40652
-5.82954
-3.73156
-1.58919
-1.58919
-0.967267
-0.967267
-2.01614
-1.99479
-2.29458
-2.29458
-2.29458
-3.68113
-3.49848
-2.09753
-1.72705
-1.16357
-1.9775
-1.89308
-0.638191
-2.12998
-3.03682
-1.29809
-2.33147
-2.99619
-2.99619
-2.99619
-3.5117
-2.16694
-2.38926
-2.38926
-1.97814
-2.0663
-2.0663
-0.534939
-2.09799
-1.08386
0.187897
0.275791
0.275791
0.275791
-2.49785
-3.05788
-2.01995
-5.43105
-4.9844
-3.67912
-3.67912
-3.67912
-3.99581
-2.40104
-2.76555
-2.76555
-3.39873
-2.51533
-3.81761
-3.78448
-2.93943
-2.60167
-2.99035
-2.99035
-1.94911
-1.94911
-1.94911
-1.94911
-1.94911
-2.76348
-1.91396
-0.62162
0.118688
0.118688
0.118688
-2.93512
-2.93614
-1.76125
-2.75087
-2.29863
-2.86339
-1.45355
-1.68894
0.241559
-0.473459
-0.473459
-1.42642
0.660198
-2.3947
-2.5798
-2.5798
-2.79329
-2.95255
-3.73678
-3.2507
-1.40262
-2.50444
-1.00225
-1.00225
-0.587053
-1.52935
0.616827
0.378302
0.378302
-0.862225
-0.862225
-0.862225
-1.30584
-1.06157
-1.57313
-4.12296
-4.12296
-2.26272
-0.869957
-0.0721446
-1.16442
-1.16442
0.398874
0.398874
0.398874
-0.622893
-1.99385
-1.99385
-1.99385
-2.61409
-2.61409
-2.61409
-1.30049
-2.93766
-3.15341
-2.46345
-1.89098
-1.43828
-1.43828
-1.75587
-3.03764
-5.15424
-5.15424
-5.41052
-4.80034
-4.80034
-4.80034
-2.39414
-3.90662
-5.07666
-5.07666
-4.07076
-4.07076
-3.45768
-3.45768
-3.36512
-1.50952
-1.50952
-1.18839
-2.54404
-1.25156
-1.25156
-1.25156
-1.14532
-1.60173
-0.464637
-1.17592
-0.463636
-0.520401
-0.407459
-3.91925
-3.60083
-2.8923
-2.46438
-1.20031
-2.16245
-1.12573
-2.2152
-2.24462
-2.24462
-1.50713
-1.50963
-2.78715
-3.36752
-2.05327
-1.23702
-1.23702
-2.73867
-2.61874
-0.539379
-0.600433
-0.600433
-0.663324
1.24837
1.24837
0.699471
0.699471
-1.16216
-2.45773
-2.65747
-2.65747
-2.64751
-2.18884
-2.18884
-2.18884
-2.80708
-2.94401
-2.94401
-3.16254
-4.62886
-4.62886
-3.24644
-3.67372
-3.6885
-3.70938
-3.09526
-3.9797
-3.9797
-4.5222
-4.5222
-4.5222
-4.5222
-4.5222
-4.5222
-3.44312
-3.44312
-3.44312
-3.44312
-2.4394
-2.4394
-1.39884
-0.799887
-1.70926
-1.7054
-1.7054
-1.7054
-1.7054
-1.7054
-1.7039
-2.03081
-2.2334
-2.65517
-3.14589
-3.56386
-3.15892
-3.15892
-1.40734
-3.6076
-3.90056
-4.02652
-4.33292
-4.33292
-4.33292
-4.04344
-1.13585
-2.14896
-0.312611
0.278237
-0.388635
-0.474887
-1.9682
-3.24841
-4.11935
-4.40532
-4.45121
-4.45121
-4.36276
-2.44123
-1.28351
-1.28351
-1.28351
-1.59405
-1.59405
-2.80843
-2.75613
-3.64067
-3.64067
-2.97651
-2.83915
-2.83915
-1.7965
-2.95802
-1.98105
-0.754139
-1.74298
-0.903389
-1.90146
-2.76184
-3.49587
-4.04497
-3.36197
-3.36197
-2.65349
-2.65349
-0.872898
-3.76355
-4.1676
-3.30698
-4.33255
-4.18352
-1.56523
-1.56523
-1.09903
-1.09903
-0.993511
-0.993511
-0.993511
-0.993511
-0.993511
-2.34472
-2.34472
-2.34472
-3.78797
-4.8054
-3.66583
-2.97427
-2.10663
-3.81051
-3.81051
-3.81051
-3.81051
-3.81051
-1.69538
-1.53325
-1.23495
-0.907038
-1.14055
-1.14055
-3.45606
-3.45606
-3.45606
-3.45606
-3.64804
-2.76995
-1.54829
-0.594252
-0.84717
-0.84717
-0.84717
-0.84717
-0.26786
0.313115
0.313115
-0.288908
-0.933208
-3.25196
-3.89115
-3.49397
-3.00451
-2.0795
-1.47889
-1.47889
0.644856
0.644856
-1.2663
-1.2663
-4.04282
-3.17695
-3.94281
-3.25796
-2.06213
-1.95871
-0.285628
-0.285628
-0.558751
-2.11056
-1.86898
-0.318514
-0.367366
-0.265148
-0.265148
-0.265148
-0.477251
-2.1493
-0.842866
-0.841866
-1.37828
-3.36794
-4.01874
-2.43524
-0.0747788
-0.0747788
-0.531944
-0.10516
-1.13791
-1.13791
-1.09212
-1.09212
-2.29093
-0.406615
0.224121
0.224121
-1.46113
-0.928067
-1.58763
-1.22567
-0.200003
-1.79959
-1.17058
1.08258
0.746485
-0.359093
-0.359093
-1.77634
-3.85897
-3.85897
-3.2708
-1.87042
-1.85996
-1.17502
-0.517878
0.480184
-0.46228
-1.66639
-1.66639
-2.56811
-2.96086
-3.20553
-2.96343
-4.01475
-4.01475
-4.01475
-4.01475
-2.78273
-2.78273
-3.81015
-2.38038
-2.86919
-2.12036
-3.2372
-3.2372
-2.02844
-2.02844
-0.546838
-1.13539
-0.810945
-0.236209
0.351415
0.351415
-1.60692
-1.60692
-0.998425
-0.909884
-0.909884
-1.44644
-1.44644
-1.78012
-1.3186
-0.821852
-0.821852
-0.207636
0.166449
0.491073
-1.5671
-1.5671
-0.0867918
-0.0867918
-0.0867918
-1.42901
-1.2817
-0.903535
-0.774765
-2.64807
-2.38095
-0.55361
-3.17432
-4.01716
-3.10831
-3.10831
-2.14588
-2.18598
-3.23314
-2.3456
-0.983736
-1.91192
-1.43121
-0.190134
-1.14921
-1.14921
-1.14921
-3.33812
-1.92418
-1.03251
-2.44484
-0.994854
-0.625679
-0.693266
-0.545929
-2.5003
-1.46393
-1.47148
-1.47148
-1.05689
-0.725217
-0.915808
-0.915808
0.114397
-0.230193
-1.31688
-2.16794
-2.66469
-3.15317
-3.33022
-3.27487
-3.27487
-2.41108
-2.41108
-2.6067
-1.0764
-1.4328
-1.4328
-1.95569
-1.52946
-1.76883
-1.76883
-1.76883
-1.76883
-2.2551
-2.2551
-3.94806
-2.2234
-2.72658
-0.677471
-2.56266
-3.29086
-1.47634
-0.850572
0.0477165
0.0477165
0.0477165
-0.58833
-1.77371
-1.77371
-4.11338
-4.11338
-3.45809
-1.01269
-1.05985
-1.78787
-2.86619
-4.69133
-3.3758
-3.3758
-0.44228
0.55241
0.55241
0.820833
0.820833
0.219808
0.219808
-2.20621
0.102047
0.303804
-2.29808
-1.75141
-1.37189
-1.22873
0.353026
1.1797
1.1797
1.1797
1.1797
-1.61601
-1.7909
-1.7909
-1.7909
-1.74534
-2.9534
-2.22385
-0.598299
-2.24089
-2.33627
-1.69433
-1.69433
-1.85505
-2.69901
-2.69901
-4.06761
-4.49078
-4.49078
-5.71955
-6.8975
-5.7892
-5.7892
-5.7892
-3.02531
-0.859343
-0.39321
-0.39321
-0.39321
-0.24091
-0.123109
-0.895591
-1.74345
-1.27839
0.358604
0.358604
-0.824591
-1.34107
-3.15888
-3.15888
-3.15888
-2.02455
-1.28392
-1.28392
-2.15458
-2.15458
-2.15458
-2.96099
-4.85164
-4.85164
-4.85164
-4.36041
-4.36041
-2.32759
-2.32759
-2.32759
-3.56276
-3.56276
-4.15173
-2.5458
-1.32296
-3.40678
-3.12622
-3.12622
-3.12622
-1.53154
-2.49744
-2.49744
-0.619001
0.413898
0.413898
-0.997871
-1.02695
-1.02695
-1.02695
-2.18882
-1.47343
-1.47343
-1.47343
-1.79128
-1.79128
-1.79128
0.50477
-2.73994
-1.21918
-0.169202
-0.169202
0.381006
-0.855585
-0.455212
-0.669276
-2.59002
-2.01605
-3.11623
-0.366217
0.198701
0.726808
-2.93905
-2.93905
-1.35727
-1.35727
-1.35727
-2.77235
-3.28788
-2.45735
-2.45735
-3.8998
-4.15446
-3.54925
-3.09678
-2.07764
-2.07764
-2.25288
-1.22988
-1.11634
-0.147258
-0.147258
-0.381393
-0.381393
-0.381393
-2.15091
-2.00145
-2.00145
-1.91133
-1.91133
-1.55339
-1.55339
-2.02216
-2.02216
-2.02216
-1.73196
-2.19293
-2.19293
-2.47698
-2.47698
-2.47698
-1.52433
-2.59891
-2.59891
-1.74135
-1.74135
-1.62476
-2.53682
-2.55939
-2.79913
-2.7665
-2.4263
-0.480276
-0.927845
-0.927845
-0.440309
-0.440309
0.870107
-0.859117
-2.2819
-2.57012
-2.57012
-1.10942
-3.38386
-3.43106
-5.07019
-4.74085
-4.55523
-3.82272
-1.08971
-1.05943
-1.29704
-1.29704
-2.78854
-2.78854
-4.08229
-4.00152
-3.30826
-2.47442
-2.77252
-2.77252
-1.65283
-1.04565
-1.52385
-0.933645
-3.07416
-2.855
-2.855
-3.26527
-1.8717
-1.64313
-1.64313
-0.132341
-0.132341
0.905346
0.905346
0.782072
1.21341
1.21341
0.394907
0.394907
-0.970055
-2.15544
-2.15544
-2.44772
-2.44772
-0.132803
-2.8445
-1.39675
-1.20903
-0.701263
-0.574525
-1.44379
-1.26451
-1.26451
-2.67474
-2.02804
-3.30603
-3.30603
-3.03802
-3.27477
-0.985679
0.298383
-0.417758
-0.363001
-2.20299
-0.755031
-2.44647
-4.44173
-2.6595
-2.6595
-1.25062
-1.25062
-1.94028
-2.00506
-2.38493
-2.53256
-2.53256
-2.02717
-0.766981
-0.766981
-1.20867
-1.31731
-1.31731
-2.3707
-2.3707
-2.89144
-2.89144
-2.24683
-1.55345
-1.55345
-2.51758
-0.807947
-1.45338
-1.45338
-1.97367
-1.97367
-2.38172
-2.51431
-1.4473
-0.601629
-0.601629
-1.42243
-1.42243
-1.37592
-1.90101
-1.86558
-3.20284
-4.80625
-3.00858
-3.00858
-3.11206
-3.80311
-2.13824
-4.23541
-4.66898
-4.66898
-4.96019
-3.99545
-3.99545
-2.45957
-1.87958
-1.87958
-2.83448
-2.83448
-2.83448
-2.83448
-3.88876
-5.23885
-5.23885
-5.23885
-4.70336
-4.70336
-4.25141
-4.24823
-4.24823
-4.25709
-4.71943
-3.33859
-2.68363
-2.68363
-2.5098
-0.583634
-0.639355
-0.639355
-0.639355
-0.639355
-0.558575
-0.558575
-1.81102
-1.81102
-3.51893
-3.82577
-4.04451
-2.08692
-3.15196
-3.32678
-3.05249
-0.799677
-0.799677
-2.17409
-2.9396
-1.33181
-1.33181
-1.33181
-0.59471
-0.59471
-0.915489
-0.806669
0.136576
-1.60041
-1.60041
-1.60041
-1.60041
-2.19197
-2.19197
-2.44208
-3.47882
-2.09688
-2.71461
-2.37191
-3.28566
-3.28566
-3.28566
-2.05233
-2.18777
-3.22118
-2.35158
-2.57327
-3.33514
-1.43745
-1.22254
-1.22254
-1.22254
-0.964479
-2.43036
-3.76971
-2.60838
-2.60838
-2.95026
-2.40883
-2.97453
-1.88435
-1.88435
-1.88435
-1.56941
-0.630604
-0.630604
-0.917037
-0.773892
-0.845356
-1.29393
-1.29393
-1.9941
-1.9941
-1.9941
-1.75057
-1.14321
-1.14321
-1.93426
-0.647157
-1.46113
-1.58614
-0.16935
-1.12467
-1.09271
-2.19521
-0.700645
-2.57623
-0.228951
0.101384
0.101384
-0.5677
-0.784713
-1.07728
-1.0901
0.0874715
-0.772046
0.164284
0.164284
0.164284
-0.282071
1.00065
2.27643
0.103627
0.103627
0.103627
0.103627
0.103627
-3.15179
-3.30832
-0.712864
-0.0658792
-0.0658792
-1.22221
-3.3418
-3.3418
-3.3418
-3.3418
-3.3418
-2.42881
-2.41442
-2.41442
-2.08327
-2.05633
-2.97907
-1.51316
-1.51316
-1.87078
-1.69134
-0.70156
-3.06877
-3.06877
-1.82981
-2.25967
-2.25967
-1.89541
-2.54042
-2.54042
-2.54042
-2.20165
-3.81033
-3.7145
-3.7145
-2.5208
-2.20212
-1.84504
-0.918198
-1.77509
-1.80424
-1.80424
-2.19727
-2.54524
-2.2502
-1.73937
-1.73937
-1.73937
-3.47732
-3.47732
-2.68844
-2.68844
-1.97619
-2.49378
-1.25302
-1.96359
-1.96359
-3.26857
-1.22896
-1.91588
-1.38474
-1.11316
-1.18201
-1.18201
-1.18201
-3.24009
-0.861639
-0.861639
-0.217857
-0.217857
-1.03948
-1.25801
0.174074
0.174074
0.174074
0.380839
0.380839
-1.16283
-0.84418
-1.30564
-0.685748
-0.685748
0.572105
-1.5101
-3.19913
-3.14584
-2.94707
-2.66163
-2.66163
-1.94581
-1.94581
-1.83189
-1.83189
-0.292329
-1.31313
-1.1967
-1.1967
-2.02775
-2.02775
-2.6193
-2.6193
-3.68254
-2.05051
-1.63346
-0.761288
-0.761288
-1.3455
-1.70845
-1.70845
-1.64206
-2.97359
-2.97359
-0.290821
-0.566206
-1.83511
-3.67528
-3.67528
-3.23174
-4.56827
-6.1089
-5.59007
-5.61404
-5.52039
-5.52039
-5.52039
-5.52039
-5.9735
-5.71463
-5.71463
-4.94368
-1.75831
-2.0486
-2.6302
-2.6302
-3.96247
-3.96247
-3.96247
-1.06554
-1.06554
-1.46574
-1.36464
0.255139
0.255139
0.248634
1.35263
2.10257
2.04222
2.54371
0.657826
-1.11839
-2.12004
-2.20402
-1.59839
-1.59839
-0.877218
-2.50765
-2.50765
-3.10074
-3.10074
-3.10074
-2.8208
-1.45053
-1.25316
0.636621
0.636621
-0.139887
0.563438
0.0231891
1.38762
2.0219
-0.0618899
-2.24307
-1.83951
-1.83951
-1.91218
-1.76024
-4.51637
-5.71228
-5.15743
-4.24896
-2.546
-1.50071
-1.50071
-2.16226
-0.466034
-1.43191
-1.02858
-0.715451
0.0140924
-1.83727
-1.83727
-2.05739
-2.45184
-2.45184
-2.07479
-2.31737
0.582855
0.582855
0.582855
0.526223
-1.22002
-2.66937
-2.66937
-1.62454
-0.614793
-1.48861
-1.48861
-2.36643
-4.44105
-4.44105
-3.06379
-1.8084
-0.760143
-1.18158
-2.44371
-2.14409
-2.40205
-1.71695
-2.71252
-2.71252
-4.44095
-2.75995
-2.03553
-0.995452
-1.81788
-0.237156
-0.237156
0.644515
0.59646
0.388511
0.864766
-0.460214
-2.62465
-2.62465
-2.28187
-0.513118
0.0140115
0.0140115
0.0140115
-0.555116
-1.43398
-0.94222
-0.589512
-0.589512
-1.49037
-1.43499
-1.78619
-1.78619
-1.78619
-3.13518
-3.13518
-2.0056
-2.0056
-2.33753
-1.67725
-2.40903
-3.22462
-3.46246
-4.05825
-3.30645
-2.97587
-1.12599
-1.12599
-3.41034
-1.61687
-1.61687
-1.61687
-3.3722
-3.36263
-2.49386
-1.87163
-2.58148
-1.42577
-0.888123
-1.35846
-2.8769
-2.8769
-3.71051
-3.71051
-3.71051
-2.95692
-2.95692
-0.843512
-0.843512
-0.843512
-0.812532
-0.679407
-0.682092
-1.00661
-1.91446
-0.102724
-0.791539
-1.01123
-1.01123
-1.45322
-2.61742
-2.61742
-2.61467
-2.48084
-2.12023
0.198118
0.739205
1.2334
-0.0973388
-1.98086
-1.62335
-2.01455
-2.95865
-3.50078
-3.50078
-2.3501
-0.118609
-0.73059
-0.73059
-0.73059
-1.26767
-3.41414
-2.62106
-3.29967
-2.06053
-2.06053
-2.06053
-2.06053
-2.06053
-3.01468
-1.45064
-1.45064
-1.50697
-0.950071
-0.246275
-0.246275
-0.698849
-1.6395
-3.71915
-3.93646
-3.6042
-3.6042
-2.06968
-2.19735
-2.19735
-2.13189
-2.70873
-2.32277
-1.13945
-1.13945
-0.838256
-2.23339
-4.84168
-2.89248
-2.89248
-2.71156
-2.71156
-1.28997
-1.28997
-0.966316
-1.08477
-0.68624
-0.53874
-1.12933
-1.12933
-1.12933
-4.01641
-3.21073
-2.45622
-2.85509
-3.63274
-3.63274
-1.44502
0.501666
-1.59744
-1.59744
-1.71268
-1.71268
-0.65227
-0.65227
-0.753731
-1.06719
-1.00162
-1.00162
-2.55468
-2.55468
-2.55468
-2.55468
-2.30478
-2.30478
-2.30478
-3.69713
-2.52767
-2.52767
-1.65949
-3.87202
-3.87202
0.019594
-1.31216
-1.31216
-1.31216
-3.64517
-1.94201
-3.58843
-2.62734
-2.70745
-2.70745
-2.95521
-1.59434
-0.111901
-0.111901
-1.62155
-0.122366
0.219338
0.219338
-0.0387635
-1.81016
-2.38716
-1.25478
-1.25478
-1.25478
-1.25478
-2.43012
-2.43012
-2.86576
-2.51844
-2.61206
-3.95236
0.0327933
-1.84138
-1.84138
-1.84138
-0.866011
-0.866011
-0.866011
-1.42721
-0.227031
-0.227031
-0.227031
-0.37009
-0.37009
-1.70769
-2.12918
-0.683329
-0.968876
-0.968876
-2.27189
-2.27189
-2.27189
-0.294197
-0.294197
-1.40575
-1.40575
-0.400269
-0.400269
-1.2458
-0.81549
-1.81343
-1.95867
-1.95867
-2.96302
-3.13645
-2.47049
-0.566267
-0.566267
-0.798354
0.0153465
-0.848118
-1.32119
-1.32119
-0.074347
-1.14966
-1.14966
-1.14966
-1.14966
-0.123633
-0.714272
-0.874959
-1.15461
-1.79662
-1.79662
-0.527465
-0.527465
-0.461343
-0.461343
0.839356
0.839356
-0.350379
0.193131
0.781968
-0.587801
-1.7636
-1.70312
-2.96608
-2.3107
-2.24626
-2.24626
-2.60574
-2.61739
-2.61739
-0.94752
-2.01101
-2.01101
-1.08104
-2.326
-3.43733
-3.32973
-3.32973
-2.94152
-1.67157
-1.67157
-0.892919
-0.852861
-2.93334
-0.476318
-1.2491
-1.59215
-1.65852
-1.65852
-2.66697
-2.58279
-2.58279
-2.09614
-1.34868
-1.34868
-1.34868
-3.03949
-2.34855
1.27762
1.27762
-0.0289775
0.764478
1.52211
-0.228148
0.256341
0.256341
-1.09129
-1.16898
-0.494189
-1.25979
-1.51853
-3.77026
-2.04053
-0.935883
-0.675613
-2.29729
-1.68673
-1.10243
-1.10703
-0.89898
-0.89898
-0.131445
-0.131445
-0.682847
-3.11157
-1.19972
-1.19972
-1.477
-1.477
-0.806695
-1.42307
-1.66693
-3.30886
-3.25813
-4.43263
-4.3012
-3.36997
-4.80775
-4.80775
-4.80775
-4.80775
-2.74777
-2.74777
-2.74777
-1.87426
-2.92752
-2.37607
-3.56227
-1.81139
-3.05847
-2.1021
-2.08142
-2.82893
-2.82893
-3.13094
-3.13094
-0.751763
-0.0986167
-0.0986167
0.0117764
0.0650752
0.0650752
-2.71827
-2.71827
-1.86118
-1.24633
-0.678187
-1.25387
0.0203532
-2.35833
-4.38301
-2.32447
-3.25896
-3.45227
-3.45227
-3.45227
-0.847361
-2.50176
-1.72239
-1.72239
-1.72239
-2.78651
-1.83484
-1.25557
-1.25557
-1.25557
-2.77635
-3.46332
-1.25224
-1.25224
0.33857
-1.60404
0.356039
0.910159
0.910159
0.910159
0.910159
0.910159
0.910159
0.910159
0.910159
0.910159
0.910159
0.910159
0.809626
1.05702
-0.259831
-0.374318
-1.33896
-2.04844
-2.8989
-0.857867
-2.63791
-2.63791
-1.95985
-3.10469
-3.10469
-3.70751
-2.15841
-0.901851
-1.94691
-3.18017
-2.05598
-2.00065
-0.919273
-0.919273
-1.26948
-2.45663
-2.45663
0.0814083
1.73021
0.797613
1.04581
1.04581
1.37797
1.37797
1.37797
1.37797
0.41426
0.41426
0.41426
0.41426
0.41426
0.554732
-0.13599
-0.13599
-0.13599
-0.260242
-0.260242
-1.08671
-1.08671
-2.34361
-1.92474
-1.92474
-1.92474
-2.75094
-2.93626
-1.19015
-1.97945
-2.13569
-2.84049
-0.926536
-2.55031
-2.55031
-1.70218
-2.47855
-2.47855
-2.47855
-1.57031
-0.928898
-0.928898
-0.105914
0.837758
0.490277
0.490277
0.490277
0.490277
0.490277
-1.39656
-1.39656
-1.39656
-2.21758
-2.21758
-2.21758
-2.21758
-1.30331
-0.385663
-0.385663
-0.385663
-1.94944
-2.01662
-2.01662
-2.95655
-1.61552
-1.78917
-1.8357
-1.13512
-0.942589
-0.155481
-1.29377
0.221555
-1.31916
-1.31916
-1.31916
-1.57009
-1.57009
-1.5694
-1.5694
-0.430488
-0.430488
-2.15007
0.0641224
-0.629537
0.369168
0.117061
-1.85629
-3.46129
-2.37505
-1.49912
-0.91456
-0.726803
-0.388634
-1.39006
0.602893
-0.847275
-2.27029
-3.02749
-3.34914
-3.34914
-0.381815
-3.42759
-1.82251
-1.82251
0.111002
-1.49324
-1.42712
-1.42712
-2.31821
-2.31821
-2.47502
-2.31336
-2.52526
-3.04449
-2.68133
-1.8595
-1.52452
-2.04282
-2.04282
-2.04282
-1.83216
-2.66175
-1.47295
-1.48211
-1.5147
-1.5147
-1.50633
-1.89577
-1.7042
-1.7042
-2.12049
-0.327094
-0.327094
-3.54894
-1.88732
-2.34828
-1.97172
-1.97172
-1.97172
-1.83865
-1.83865
-2.46493
-0.778932
-0.778932
-0.853001
-0.853001
-0.853001
0.933121
1.25317
1.25317
0.22801
-0.893092
-0.235191
-0.235191
-2.78189
-3.28512
-3.793
0.190141
0.190141
0.190141
0.190141
-0.147916
-0.147916
-0.785984
-0.696835
-2.64168
-1.55233
-3.68171
-3.48708
-1.46104
-1.46104
-2.83983
-2.83983
-3.39827
-1.07154
-2.21136
-2.21136
-2.21136
-2.21136
-2.21136
-2.21136
-2.98115
-1.46057
-0.831247
-2.33581
-2.54408
-2.6509
-2.6509
-2.6509
-1.39122
-1.39122
-3.75956
-2.2603
-2.20727
-1.66345
-1.66345
-1.66345
-1.66345
-2.7993
-2.7993
-2.79283
-3.30946
-3.41955
-4.33499
-4.17486
-2.319
-2.319
-2.76663
-2.56851
-2.56851
-2.56851
-2.61271
-3.25291
-1.94671
-0.598281
-0.598281
-1.85314
-1.13697
-1.5769
-1.5769
-1.5769
-1.59848
-1.59848
-0.00187886
-0.783127
-0.783127
-1.13704
-3.48038
-3.48038
-2.53899
-2.70906
-1.28265
-1.28265
-1.28265
-1.28265
-1.28265
-1.17415
-1.23265
-0.810688
-0.810688
-1.29036
-0.850847
-2.30781
-2.30781
-2.30781
-1.95514
-0.878337
0.722077
-0.058126
-0.55877
-0.802282
-2.74593
-2.74593
-2.74593
-2.2958
-2.91048
-2.83202
-2.22942
-2.64362
-1.612
-1.612
-2.04186
-1.66222
-0.935908
-2.89673
-1.50822
-1.85619
-1.08076
-1.08076
-1.618
-1.26881
-1.91495
-0.972391
-3.17452
-1.26416
-1.2241
-1.66307
-1.66307
-1.13726
-1.25029
-2.70736
-2.70736
-2.70736
-2.86146
-2.68904
-0.820128
-0.820128
-0.820128
-0.820128
-0.688564
0.28172
-1.69825
-1.53496
-2.0679
-3.14587
-3.14587
-3.18181
-3.18181
-3.06069
-3.67182
-3.67182
-3.67182
-3.67182
-3.75808
-0.0257876
-1.03278
-1.03278
-0.439424
0.269455
-1.33218
-3.01546
-3.01546
-3.01546
-2.89953
-3.25322
-3.25322
-0.904743
-3.18278
-1.95715
-1.80241
-2.5182
-0.836998
-1.28132
-1.28132
-0.88275
-2.28828
-2.35098
-2.35098
-2.35098
-2.35098
-4.13863
-3.90098
-3.90098
-3.24124
-2.23085
-2.47919
-2.8254
-1.75115
-1.85249
-1.85249
-0.772441
1.14524
1.65787
1.65787
1.35648
-0.862162
-1.66726
-2.24742
-1.92657
-1.5527
-1.5527
-1.5527
-2.45077
-2.5696
-1.4794
-1.83333
-1.89598
-1.89598
0.311653
0.611842
0.838266
-0.446908
-2.0953
-1.47806
0.132894
0.132894
-0.474293
-2.19109
-2.19109
-2.50963
-2.50963
-2.50963
-2.50963
-2.50963
-1.06281
-1.0616
-1.4769
-1.94511
-1.94511
-1.60092
-2.89027
-2.96011
-3.05681
-2.68834
-2.68834
-2.68834
-1.709
-2.71878
-2.71878
-1.25082
-1.20778
0.190219
0.59082
-0.0153118
-2.18246
-0.344399
-0.667201
-0.667201
-1.2623
-1.61805
0.148994
0.148994
-0.270304
-0.270304
-0.270304
-0.270304
-0.270304
-0.270304
-0.270304
-0.916713
-0.999968
-2.66392
-2.14379
-2.14379
0.595286
-2.93771
-2.70635
-1.96301
-1.59263
-1.59263
-1.78394
-2.29144
-2.29144
-3.72895
-3.23911
-0.202187
-0.125221
-3.7319
-3.55396
-3.55396
-3.55396
-3.55396
-3.55396
-2.48061
-2.81042
-1.73054
-1.83965
-1.83965
-3.18127
-5.11066
-3.89673
-4.98197
-2.53699
-2.38265
-3.68599
-3.90304
-2.7927
-2.39533
-1.37484
-1.37484
-1.36066
-0.729679
-0.729679
-0.729679
-0.897818
-0.897818
-0.0483791
-1.59904
-2.34456
-2.28662
-2.75284
-2.75284
-3.14687
-3.14687
-3.14687
-3.14687
-0.777473
-0.777473
-1.53946
-1.94808
-2.41401
-2.1971
-3.60759
-2.15959
-2.00277
-0.452865
-1.09377
-1.09377
-1.46381
-1.46381
-2.16424
-2.39226
-2.57471
-2.36007
-2.17656
-2.17656
-2.27451
-1.4938
-1.4938
-3.15969
-2.91053
-2.91053
-2.31762
-2.19528
-2.25594
-1.13182
-0.910293
-1.31324
-0.21319
0.106852
-0.472993
-0.378856
-0.700356
1.59275
2.11983
2.65886
1.66477
1.66477
2.27632
2.27632
2.45915
2.45915
2.45915
1.70018
2.80827
2.80827
2.24142
1.30797
1.16596
-0.0245615
-1.03132
-1.03132
-1.03132
-2.21852
-2.21852
-2.36822
-2.36822
-2.36822
-3.3011
-2.9804
-2.4285
-2.4285
-3.31817
-4.23664
-3.74361
-3.74361
-4.66833
-6.02946
-4.39876
-4.39876
-4.00398
-3.4354
-3.4354
-3.43753
-3.43753
-1.75521
-1.75521
-3.33096
-3.27022
-3.27022
-3.27022
-3.39078
-2.36856
-2.36856
-2.36856
-2.36856
-3.47547
-3.39603
-3.64159
-2.57133
-3.13037
-4.36184
-3.97163
-3.97163
-4.32789
-2.70091
-2.70091
-2.15277
-1.58645
-1.58645
-1.58645
-1.83051
-2.09932
-1.40897
-1.30357
0.410012
0.410012
-0.390792
1.17555
1.17555
0.0828351
0.0828351
0.00245269
0.34206
0.34206
-0.849443
-0.849443
-2.97762
-2.97762
-3.53354
-2.29796
-3.30889
-3.21793
-3.21793
-3.11796
-4.90594
-5.28859
-5.28859
-3.66005
-4.9986
-4.9986
-4.9986
-3.30958
-2.94874
-2.94874
-3.2279
-2.54621
-2.2396
-2.2396
-3.35145
-4.03829
-0.586007
-3.67825
-1.56366
-1.48939
-0.815429
-0.815429
-0.994961
-3.33773
-2.31263
-2.31263
-2.79565
-1.49905
-1.98719
-1.98719
-2.96634
-2.28321
-2.28321
-2.25607
-1.85173
-1.16849
-1.16849
-1.16849
-1.16849
-2.50902
-2.50902
-2.77606
-2.77606
-3.06245
-3.06245
-3.06245
-1.70326
-1.3035
-1.3035
-1.92574
-3.48757
-3.87277
-3.93237
-5.27807
-7.00933
-7.00933
-7.37311
-8.0105
-8.0105
-5.77978
-3.92062
-5.04526
-3.71893
-3.63059
-3.03619
-1.90005
-1.90005
-1.90005
-1.99631
-1.83273
-2.66383
-1.19436
-2.71036
-1.53233
-3.26884
-3.83329
-3.35597
-3.16693
-3.16693
-2.24075
-2.24418
-2.24418
-2.97666
-2.17254
-1.33193
-1.59496
-1.59496
-0.203003
-0.0293787
0.0403129
0.0403129
-1.362
0.219219
0.248469
0.847978
0.847978
0.847978
0.918174
1.29772
0.553454
1.0288
1.0288
0.375974
0.375974
0.743659
0.442066
0.442066
0.442066
0.706274
0.706274
0.263345
-3.9446
-3.9446
-1.85755
-2.14027
-2.42907
-1.48901
-0.570373
-2.28273
-1.71645
-1.71645
-1.71645
-2.3578
-2.3578
0.0949419
-2.17342
-3.9137
-3.9137
-3.9137
-4.00254
-4.00254
-2.7786
-6.2285
-7.25448
-7.65049
-6.26622
-5.0681
-4.95576
-4.95576
0.0160928
0.517435
-0.55509
-0.55509
-1.66416
-1.66416
-3.2948
-3.25655
-3.71206
-3.71206
-2.05589
-2.12425
-0.968729
-2.66713
-1.27793
-1.64818
-2.02665
-1.58658
-1.94764
-1.94764
-2.44034
-2.99127
-2.99127
-0.590191
-1.81368
-1.81368
-1.81368
-1.81368
-1.95705
-2.84297
-2.84297
-4.08308
-4.08308
-4.89907
-4.27246
-4.83356
-4.83356
-1.98517
-1.8101
-1.8101
-2.23769
-2.23769
-1.35514
-1.95717
-2.77217
-2.77217
-3.88849
-3.23155
-3.23155
-1.86311
-1.86311
-1.86311
-4.55717
-2.9685
-2.46236
-1.69347
-2.04563
-2.55061
-3.26846
-2.04552
-1.3832
-3.18092
-2.78471
-2.49558
-1.70811
-0.207985
-1.67006
-3.49385
-2.20146
-2.20146
-3.06379
-4.56973
-2.77764
-1.07723
-2.93109
-1.2356
-1.24095
-1.24095
-1.24095
-1.41295
-0.902604
-0.902604
-2.87218
-2.87218
-3.84851
-3.84851
-3.84851
-3.4006
-2.67242
-2.20517
-1.87637
-1.87637
-0.680839
-0.680839
-0.520441
-0.520441
-0.520441
-1.07283
-0.293644
-0.259389
0.120415
0.887291
-0.582212
-0.582212
-3.08826
-2.93314
-1.99328
-1.32545
-0.89809
-1.43677
-2.00323
0.0789104
0.0789104
0.437721
0.230006
0.230006
0.230006
0.230006
0.230006
-0.810565
-0.810565
-1.14919
-1.87355
-1.87355
-1.87355
-1.4552
-0.0577447
0.00433427
-1.86047
-2.40382
-2.24762
-2.46139
-2.12896
-2.63315
-1.39643
-2.34339
-3.59264
-3.59264
-3.59264
-3.52933
-4.36393
-2.06553
-1.0025
-2.59231
-0.628702
-0.628702
-1.12451
-1.93398
-1.16287
-1.16287
-1.16287
-2.00622
-2.28739
-2.87636
-2.87636
-2.87636
-2.87636
-2.87636
-2.87636
-1.87143
-1.87143
-2.92292
-2.92292
-2.92292
-4.05123
-4.7647
-3.64708
-3.64708
-2.54846
-1.81302
-0.801903
-0.801903
-0.465877
-2.12124
-2.68357
-2.33684
-0.883747
-0.0939026
-0.0939026
-1.3994
-1.3994
-1.59091
-0.852947
-0.582829
0.184016
-2.41497
-2.58701
-2.26696
-2.03939
-1.78014
-1.78014
-0.482636
-0.482636
-0.482636
-3.0166
-3.1215
-0.566633
-0.965265
-0.965265
-2.04619
-2.55639
-1.95059
-3.92943
-3.92943
-3.92943
-3.37269
-3.60206
-1.24113
-1.20723
-0.849637
-0.849637
-0.586881
-1.77635
-1.32637
-0.806336
-0.806336
-0.806336
0.517304
-0.806891
-2.4668
-2.4668
-3.40156
-3.40156
-5.76977
-5.76977
-5.76977
-5.04185
-5.0977
-4.02801
-4.02801
-4.37407
-4.44159
-3.41766
-3.13341
-2.82183
-2.82183
-2.82842
-3.72024
-3.24276
-3.24276
-3.24276
-1.43703
-2.00157
-0.991392
-2.21556
-2.21556
-2.21556
-2.21556
-3.30441
-3.61905
-1.68703
-0.377854
-0.377854
-0.377854
-0.642748
-2.06326
-2.41542
-2.23808
-2.23808
-2.73145
-2.73145
-2.02211
-2.02211
-2.84064
-0.501208
-1.47048
-1.21292
-0.667733
-0.667733
-0.762403
-2.4508
-1.5925
-1.5925
-1.24236
-1.24236
-0.666609
-0.858509
-2.87931
-2.90257
-2.21783
-2.51645
-2.11554
-2.11554
-3.02757
-3.02757
-4.22944
-4.22944
-4.22944
-0.968275
-1.73632
-3.73152
-3.73152
-4.26476
-0.971577
-1.19026
-3.37823
-0.89873
-0.18609
-0.18609
0.715514
0.715514
0.431808
0.431808
-1.3745
0.178457
0.178457
-0.367042
1.83613
0.584711
0.584711
0.138686
-0.372586
-0.652253
-2.82995
-2.83634
-2.83634
-4.02506
-4.02506
-4.02506
-4.51787
-4.51787
-2.30976
-2.80918
-1.57327
-3.19219
-3.19219
-3.19219
0.395526
0.395526
0.243732
0.243732
1.56563
1.56563
-0.389332
-0.389332
-2.42231
-1.70558
-2.60201
-1.85965
-3.48234
-1.63461
-2.17578
-3.144
-3.144
-3.11741
-3.09731
-3.00634
-3.00634
-1.01348
-1.01348
-1.28832
-2.24121
-2.0704
-2.0704
-2.33948
-2.33948
-3.18156
-0.652851
-0.586871
-0.442484
-0.442484
-0.442484
-0.442484
-0.442484
-1.49402
-3.08925
-0.902666
-0.675866
-0.675866
-0.675866
-2.00891
-1.36412
-1.36412
-2.20305
-2.20305
-3.72473
-3.88259
-4.47209
-4.10853
-3.75413
-3.75413
-3.75413
-3.62792
-3.62792
-3.62792
-3.62792
-3.06709
-3.06709
-3.05036
-3.05036
-3.88108
-2.0648
-2.16717
-0.662768
-0.662768
-0.533779
-0.533779
-2.14921
-2.14921
-2.58236
-2.24789
-1.06752
-0.929956
-2.07265
-2.07265
-2.48569
-1.84861
-2.33179
-3.62182
-1.93435
-2.82956
-2.82956
-0.303889
-0.468078
-1.35074
-2.12832
-2.12832
-2.12832
-2.1959
-1.57519
-0.727646
-0.562935
-0.562935
-0.751442
-2.23618
-2.57442
-2.57442
-0.342035
0.198215
0.198215
-0.569758
-2.05375
-2.05375
-2.05375
-2.31011
-2.31011
-1.48224
-1.80469
-1.80469
-1.75827
-0.106304
-1.03288
-0.804887
-1.72752
-1.38378
-1.38378
-1.39636
-1.57258
-1.57258
-0.860418
-0.860418
0.245729
-0.0208615
-0.863805
-0.0616862
-1.00759
-0.696844
-2.12842
-2.12842
-2.12842
-3.57965
-4.9522
-4.9522
-3.84611
-3.84611
-3.84611
-4.40168
-4.40168
-4.70982
-4.70982
-4.70982
-4.91428
-4.91428
-6.91979
-5.34092
-4.20671
-2.90062
-3.61266
-2.79501
-1.32793
-1.32793
-2.87857
-2.87857
-3.79253
-3.79253
-3.79253
-4.00522
-4.00522
-3.62053
-3.5472
-3.5472
-2.28966
-1.08807
-1.08807
-1.08807
-1.08807
-1.08807
-2.99685
-3.21088
-5.26329
-1.27729
-2.06592
-2.06592
-2.01077
-0.922909
-1.43263
-3.15834
-3.15834
-3.15834
-3.47382
-5.19736
-3.96403
-1.84557
-0.616454
-1.21112
-2.24177
-2.11877
-1.30002
-1.70764
-2.87408
-2.38977
-1.44617
-1.44617
-1.44617
-1.50851
-2.57636
-4.04987
-4.80057
-3.75669
-3.75669
-3.75669
-3.33305
-3.33305
-0.789486
-1.37471
-0.86666
-2.77022
-2.77022
-2.77022
-2.77022
-1.75976
-2.1235
-3.3638
-3.60955
-2.79008
-0.653009
-1.73159
-1.63841
-1.63841
-2.62048
-2.62048
-2.62048
-1.6049
-3.61636
-5.43604
-2.39654
-2.39654
-2.39654
-1.67874
-1.3552
-0.412943
-1.32473
-1.57089
-2.6051
-2.6051
-2.99641
-2.99641
-3.163
-1.32717
-1.32717
-1.32717
-1.86377
-1.86377
-3.43581
-2.56218
-2.56218
-3.02258
-2.03712
-0.838538
-0.838538
-0.838538
-1.87629
-1.87629
-1.87629
-1.87629
-1.87629
-4.11697
-4.11697
-4.11697
-4.11697
-3.71222
-3.71222
-3.08484
-3.08484
-3.08484
-3.14994
-4.5165
-4.5165
-1.64458
-1.64458
-3.03977
-2.39852
-2.30774
-3.43407
-4.37769
-2.47445
-1.7218
-1.31252
1.28156
1.28156
-0.11284
-0.391175
-0.176165
1.30765
0.205425
-0.371959
-1.48512
-1.48512
-1.70683
-1.70683
-1.70683
-0.458556
-0.458556
0.379873
1.01914
1.06554
-0.346717
-2.61557
-2.29671
-0.425052
-0.88312
-0.88312
-0.88312
-0.88312
0.573619
0.573619
-1.92909
-0.696464
-0.696464
-0.696464
-1.62302
-1.85082
-1.85082
-1.48238
-2.24586
-2.24586
-2.24586
-0.987193
-2.45679
-1.95199
-1.17798
-1.17798
-0.959133
-0.636967
-1.47734
-0.775308
-0.775308
-0.881352
-0.881352
-0.881352
-0.039886
-2.38073
-2.13942
-0.745485
-0.745485
-1.40065
-2.59075
-0.712956
-1.88177
-1.49532
-2.00868
-2.41665
-2.41665
-2.41665
-2.38871
-1.1999
-0.958519
-0.908702
-0.509732
-0.83243
0.861647
-0.459542
-2.49386
-0.798135
-0.527691
-1.66371
-1.66371
-1.38284
-1.38284
-1.38284
-1.38284
-2.24636
-0.496996
-0.332903
-2.19385
-2.19385
-3.84467
-3.84467
-3.84467
-3.38641
-3.38641
-1.12371
-1.12371
-1.60343
-1.5831
-2.59094
-2.59094
-2.59094
-0.649658
-0.649658
-0.649658
-1.7511
-1.28422
-1.99035
-0.544489
0.675326
-2.65589
-1.02688
-0.827849
-3.78856
-4.03022
-5.56254
-6.57237
-6.57237
-6.98843
-6.38444
-1.55018
-1.3742
-1.62751
-0.435213
-0.435213
-2.10272
-3.23755
-3.23755
-3.85341
-4.20428
-4.20428
-4.20428
-4.79308
-4.79308
-3.70426
-5.01841
-4.18133
-4.18133
-4.7769
-4.01826
-4.01826
-4.449
-4.75758
-3.87816
-2.61635
-3.52692
-3.52692
-2.80951
-2.80951
-3.8078
-3.8078
-4.10713
-1.24065
-2.26345
-2.63121
-3.48395
-1.24189
-0.809011
-0.809011
-1.77704
-2.59472
-1.45631
-3.33522
-2.95923
-3.2869
-1.87053
-2.62135
-2.22516
-2.80381
-2.37968
-3.0231
-3.0231
-2.92313
-2.59436
-1.85961
-2.57207
-1.60687
-0.710196
-1.42157
-1.60827
-1.60827
-2.96614
-2.96614
-2.94495
-2.91251
-3.29446
-3.29446
-1.45277
-1.70664
-0.849213
-0.849213
-0.0109084
-0.0109084
-0.0109084
-0.0109084
-1.51384
-2.81467
-3.33448
-3.38961
-4.27399
-4.65952
-4.42502
-4.42502
-4.15139
-2.80517
-2.86585
-4.43452
-4.76032
-3.76293
-4.88752
-4.88752
-4.88752
-4.88752
-3.0278
-3.0278
-3.0278
0.889305
0.167099
-3.38601
-3.38601
-3.38601
-0.619646
0.398138
-1.32341
-1.32341
-1.32341
-0.817144
-0.204931
-0.204931
-0.204931
-0.73525
0.30477
0.30477
0.176583
0.799561
-1.45782
-0.752653
-0.752653
-1.8819
-1.8819
-2.34724
-2.581
-2.581
-3.87568
-4.73767
-3.0594
-3.02007
-3.02007
-2.25463
-2.25463
0.198014
0.198014
0.0318239
0.662924
1.27477
0.266303
-0.617238
-0.617238
-0.168691
-0.168691
-1.22124
-1.22124
-1.22124
-3.77521
-3.77521
-3.77521
-3.77521
-2.27485
-2.27485
-3.12446
-3.86533
-3.41139
-4.07492
-1.28252
-1.98474
-1.98474
-0.935226
-1.6714
-1.6714
-0.767516
-1.43465
-1.43465
-2.65023
-3.13666
-2.95683
-2.03095
-2.03095
-2.03095
-1.83413
-1.83413
-1.73401
-1.12551
-1.12551
-4.08597
-4.08597
-4.08597
-4.08597
-2.22189
-2.22189
-2.22189
-2.22189
-4.09527
-4.5319
-2.46839
-2.46839
-3.35288
-3.35288
-3.35288
-3.23123
-3.23123
-2.67455
-2.36741
-2.87034
-2.87034
-3.70354
-2.16656
-2.16656
-3.56818
-3.56818
-3.56818
-3.4556
-1.42673
-1.69496
-2.51405
-3.60168
-3.60168
-3.60168
-3.60168
-3.00847
-3.57452
-3.20692
-3.20692
-2.68912
-2.89547
-2.41524
-3.50013
-2.75963
-1.52078
-0.404424
-0.404424
-0.404424
-1.32614
-1.8683
-0.299184
-1.47288
-1.47288
-0.663805
-0.393881
-2.63503
-2.08738
-2.3622
-2.3622
-0.466305
0.172814
-1.36709
-2.07496
-2.07496
-2.10732
-3.05027
-3.71841
-3.03869
-3.03869
-3.03869
-3.26759
-2.89327
-2.89327
-3.29085
-3.40735
-2.63147
-2.91371
-2.33552
-2.33552
-2.90867
-1.2465
-2.71646
-0.283285
-0.283285
-0.376704
-1.60313
-1.52377
-1.89152
-1.97255
-4.12794
-4.12886
-4.12886
-4.05583
-4.43915
-2.77675
-2.28463
-2.89809
-2.89809
-2.89809
-2.72855
-1.24889
-1.24296
-1.24296
-1.24296
-1.24296
-0.56352
-1.96046
-1.96046
-1.96046
-1.96046
-0.532979
-2.18075
-1.94106
-1.94106
-1.84952
-3.07626
-1.37797
-0.496979
-0.496979
-0.697289
0.0726122
-1.4038
-1.4038
-1.4038
-2.87854
-2.87854
-2.09534
-2.44474
-2.30234
-2.30234
-2.62242
-0.921023
-1.93406
-1.08445
-2.99729
-2.99729
-3.27339
-3.27339
-4.02569
-4.02569
-4.58164
-2.07406
-1.71398
-1.71398
-1.71398
-0.0851985
-0.0851985
-2.37577
-2.37577
-2.37577
-2.52278
-2.52278
-2.87767
-2.64412
-2.64412
-2.64412
-2.85906
-1.18417
-0.197532
0.150597
-0.117589
0.0833439
0.099902
1.88113
-0.526108
-0.526108
0.16837
0.16837
0.373032
0.373032
0.373032
-0.185433
0.0115101
-1.17327
-1.17327
-1.64201
-1.47917
-2.26266
-2.26266
-2.59867
-1.62186
-2.35868
-2.09533
-2.4274
-1.25731
-2.08851
-1.8086
-0.881751
-2.14484
-1.6713
-1.03363
-2.55079
-2.18951
-4.66142
-3.26271
-1.99501
-2.32576
-3.59625
-4.02266
-4.02266
-1.0721
-1.0721
-1.85792
-2.29839
-2.58815
-2.0137
-1.03458
-1.03458
0.171993
-0.746568
-1.92474
-1.94891
-1.94891
-3.70788
-3.70788
-1.92514
-1.92514
-1.92514
-3.61054
-4.45005
-2.56153
-2.61783
-1.85946
-2.0116
-2.0116
-1.55539
-1.55539
-3.81652
-5.05245
-5.05245
-3.58373
-3.58373
-2.24284
-2.37683
-2.37683
-3.84102
-5.42271
-6.11863
-6.05743
-4.39794
-4.39794
-2.9246
-3.44025
-2.69455
-0.598053
-1.6316
-1.92688
-1.92688
-2.81034
-2.81034
-3.64635
-1.63786
-1.63786
-1.63786
-1.05442
-0.405761
-1.04621
-1.93542
-1.93542
-1.93542
-1.93542
-1.91402
-2.72495
-3.79208
-3.79208
-3.79208
-4.22084
-4.01409
-3.26011
-3.26011
-2.86621
-1.62399
-1.76929
-0.536961
-0.536961
0.0857552
-1.49051
-2.46548
-1.7605
-1.58349
-1.58349
-1.58349
-1.20403
-0.956118
-0.839465
-0.839465
-0.495452
-1.31366
0.347022
0.347022
0.347022
-2.24727
-3.0562
-2.93555
-2.63263
-1.50143
-1.56346
-1.56346
-1.56346
-0.48085
-0.48085
-2.06145
-4.26263
-2.4356
-2.78289
-2.78289
-1.00235
-0.919194
-0.455299
-1.14995
-0.831769
-1.63308
-0.96439
-0.561761
-0.82377
-2.1453
-2.1453
-2.1453
-2.83058
-1.24514
-2.98912
-4.27331
-5.08393
-4.55333
-4.55333
-4.55333
-4.55333
-4.78364
-3.25003
-4.23444
-2.89453
-0.549505
-0.549505
-0.00953692
-0.00953692
-1.68125
-1.69674
-1.69674
-2.15821
-2.15821
-3.22032
-3.22032
-3.22032
-3.22032
-3.22032
-3.22032
-3.93879
-3.25496
-3.11025
-4.2543
-4.43508
-4.38727
-5.72323
-7.19531
-6.80014
-5.66171
-6.58372
-6.58372
-6.59102
-4.96863
-4.20666
-4.20666
-3.64899
-3.64899
-3.97182
-4.18123
-4.18123
-4.18123
-4.18123
-3.91041
-5.13392
-5.13392
-3.98719
-3.98719
-3.98719
-2.47291
-2.47291
-1.47644
-1.0702
-0.47123
-3.06862
-0.675572
-2.69421
-2.69421
-1.49474
-4.68998
-4.86092
-3.16862
-2.59512
-1.51263
-1.93108
-1.93108
-1.43221
-1.32119
-0.318836
-1.35476
-2.27534
-2.64975
-2.02108
-2.02108
-0.971069
-1.19679
-1.89729
-1.22784
0.17683
0.17683
-0.859548
-0.519156
-0.519156
-1.69814
-1.69814
-1.69814
-1.69814
-1.92053
-1.92053
-1.92053
-1.3456
-1.3456
0.505143
0.505143
-1.16952
-0.791141
-2.53729
-1.9244
-2.12568
-2.79637
-2.79637
-2.79637
-2.55913
-1.80041
-0.685397
-1.07553
-0.537324
-0.453294
-2.64326
-2.64326
-1.50974
-1.50974
-2.00212
-2.00212
-2.2091
-3.30867
-2.89777
-2.89777
-2.89777
-3.07612
-2.23492
0.139208
-0.446479
-0.0594237
-0.0594237
-0.673265
-0.673265
0.922217
0.922217
0.922217
0.353123
0.353123
0.353123
-0.844824
-1.43632
-1.75214
-1.33402
-1.15678
-0.434384
-2.29558
-2.29558
-2.73597
-0.658309
-0.658309
1.56729
0.730255
0.540869
-1.28453
-1.30545
-2.24051
-1.78278
-2.39397
-2.39397
-1.22029
-1.69395
-2.23947
-2.23947
-1.76434
-2.14774
-2.54444
-1.52787
-1.52787
-0.574541
-1.68327
-2.49893
-1.85683
-2.65404
-3.24222
-0.257484
-0.257484
-0.858153
-1.26283
-1.26283
-1.65896
-1.57797
-0.754592
0.44467
0.44467
0.44467
-0.222304
-0.221154
-0.221154
0.0243318
-1.46783
-1.76836
-1.76836
-1.76836
-1.89953
-1.89953
-1.04496
-3.001
-2.52787
-2.50068
-3.81297
-3.96252
-4.70312
-2.03356
-1.72795
-1.01195
-2.49675
-2.76945
-2.22211
-2.22211
-2.22211
-1.61906
-3.56991
-3.32216
-5.45544
-3.68211
-3.52433
-2.3071
-1.21646
-2.51761
-2.71412
-3.80317
-5.09873
-5.40097
-3.70863
-2.59575
-1.41326
-1.53652
-3.04467
-3.04467
-2.23313
-1.7977
-1.5777
-2.09775
-3.13988
-3.13988
-3.13988
-3.46385
-2.64074
-2.48052
-2.48052
-2.48052
-1.66293
-0.248622
-0.135355
-0.135355
-0.135355
-0.135355
-1.69094
-1.69094
-1.69094
-3.02515
-1.43897
-1.43897
-2.56349
-2.91853
-2.91853
-1.57111
-3.26074
-3.26074
-3.65336
-2.15031
-2.15031
-2.15031
-1.95888
-2.01535
-0.537209
0.31765
-1.14446
-2.22424
-2.22424
-2.22424
-1.7871
-1.61226
-1.18881
-2.47825
-3.59808
-4.65385
-4.65385
-3.98645
-3.98645
-4.58387
-3.57235
-4.36132
-4.36132
-2.80427
-3.47343
-3.13832
-3.13832
-3.13832
-2.63875
-1.25365
-1.44362
-2.73734
-3.43409
-3.68273
-1.92028
-3.10701
-2.48338
-2.48338
-3.09399
-1.57017
-2.27847
-1.67008
-2.63517
-3.49749
-2.82165
-4.28421
-1.94626
-1.78755
-3.02175
-3.02175
-2.84377
-1.21232
-0.914267
-0.914267
-0.511439
-1.09164
-1.09164
-2.60919
-1.23612
-2.88846
-3.77546
-2.80346
-1.77593
-2.65969
-2.65969
-2.65969
-2.52891
-3.51906
-3.51906
-2.30025
-2.30025
-1.34967
-0.247519
-2.02257
-2.02257
-3.35775
-3.17715
-2.81773
-2.81773
-4.01231
-4.01231
-4.90068
-3.78302
-3.78302
-3.83475
-2.61062
-3.16188
-3.16188
-3.7642
-3.7642
-2.01105
-2.01105
-2.90871
-0.71951
-0.71951
0.501278
-1.39741
-1.39741
-0.770463
-1.25925
-1.08904
-4.03342
-4.03342
-4.03342
-4.03342
-3.09682
-1.70747
-1.90443
0.743936
0.743936
0.444731
0.444731
-0.29254
-0.927358
-1.1848
-1.1848
-0.245138
-0.245138
-1.87532
-2.74866
-2.45964
-2.01638
-2.22599
-2.27891
-1.3981
-2.26268
-1.49056
-1.49056
-1.57823
-1.57823
-1.57823
-0.968083
-0.856752
-0.856752
-0.856752
-0.163989
-0.0150149
-2.03909
-2.03909
-2.51804
-3.75185
-3.041
-3.20809
-3.20809
-2.94304
-2.94304
-4.18327
-2.43684
-2.43684
-0.512329
-1.79934
-1.66226
-1.66226
-1.76699
-1.13326
-1.13326
-1.13326
-0.267079
-2.39062
-3.38948
-3.06405
-2.22607
-1.12405
-1.81893
-0.435319
-1.74982
-1.74982
0.107293
0.0356085
-4.31037
-3.09029
-2.41876
-1.33002
-2.14368
-2.14368
-1.22642
-3.00402
0.342372
-0.913603
-0.913603
-1.21247
-3.93175
-3.83953
-4.03036
-6.35485
-6.82866
-6.82866
-6.53093
-6.02483
-3.96592
-4.64265
-3.86435
-4.21462
-4.69909
-4.69909
-5.03697
-5.03697
-3.0884
-3.15563
-3.15563
-3.49094
-3.49094
-3.49094
-3.47929
-2.64261
-2.42245
-0.998338
-0.998338
-0.998338
-3.06263
-3.06263
-3.06263
-4.6029
-1.16041
-0.107479
-1.53951
-2.37983
-2.97377
-2.62324
-2.01948
-2.01948
-0.258584
-1.3861
-1.3861
-5.0942
-4.55944
-4.32902
-5.07735
-3.38885
-3.48319
-3.01886
-1.94345
-1.94345
-0.442032
-3.34832
-3.12707
-3.12707
-1.88243
-0.245903
0.426088
0.985163
2.56067
2.56067
2.56067
2.56067
1.94631
-0.751229
-1.33068
-0.60042
-0.60042
-1.27897
-2.30932
-2.35665
-3.08957
-2.14818
-2.78706
-2.19619
-1.97691
-1.97691
-2.54168
-3.348
-2.68303
-0.603935
-1.22117
-1.52206
0.0320079
-3.02994
-3.02994
-3.02994
0.0539894
0.125573
-1.25425
-1.2839
-0.834477
-3.67027
-2.05495
-1.74186
-3.44207
-2.765
-1.2536
-3.90049
-3.10532
-3.10532
-2.59945
-2.59945
-0.90196
0.480831
0.705035
-0.0825152
-0.0825152
-0.0825152
-1.28283
-2.03986
-0.621544
-0.803421
0.388302
-2.71785
-1.08721
-1.24963
-2.84502
-2.84502
-1.57875
-1.57875
-0.593223
-1.21183
-1.13628
-1.13628
-0.854347
-0.331419
0.400712
-0.336085
-1.69956
-1.69956
-2.08307
-1.06559
-1.06559
-2.51708
-1.45162
-2.92023
-1.77698
-1.77698
-1.64469
-2.25466
-1.47205
-1.81407
-2.2371
-1.30004
-3.44517
-3.44517
-3.44517
-3.44517
-2.86394
-2.86394
-3.42293
-3.42293
-3.56631
-3.55877
-3.55877
-4.14138
-3.31436
-2.07318
-2.26676
-3.57046
-2.61017
-1.52874
-1.52874
-4.10718
-3.61495
-2.97105
-2.97105
-4.23866
-3.16124
-4.2871
-2.68336
-3.37496
-2.19293
-2.19293
-2.91271
-1.5479
-2.46935
-0.95622
-1.53627
-0.808039
-0.808039
-2.05889
-1.446
-1.446
-2.59513
-1.6353
-1.6353
-1.6353
-2.72461
-2.34333
-2.75708
-2.75708
-3.52016
-2.97256
-2.97256
-2.0918
-2.0918
-2.0918
-3.18667
-4.60103
-4.41817
-4.41817
-4.41817
-2.75393
-2.70902
-2.3805
-3.51861
-2.66323
-2.45424
-1.60399
-2.88502
-2.88502
-2.88502
-2.79083
-4.10114
-4.10114
-4.99171
-4.99171
-5.44883
-5.44883
-4.32573
-4.7407
-2.58976
-1.49505
-1.57038
-2.92872
-3.06273
-3.06273
-2.74466
-1.85664
-1.85664
-1.29678
-1.05288
-2.27946
-1.69068
-2.22167
-2.22167
-2.55731
-1.56108
-2.69953
-3.69146
-3.56627
-3.16813
-3.16813
-1.51207
-1.51207
-1.51207
-1.54678
-1.27569
-1.27569
-0.0301566
-2.42121
-2.42121
-1.78898
-1.4538
-2.31818
-2.31818
-4.56117
-4.56117
-5.16259
-5.16259
-5.16259
-3.81679
-3.81679
-1.16995
-0.232725
-0.232725
-0.294915
-0.781972
-0.899706
-1.57724
-2.91226
-2.91226
-1.6994
-1.1225
-2.04545
-1.48557
-1.48557
-1.02702
-0.341801
-0.341801
0.35466
0.198633
-1.16792
-1.23793
-2.71225
-3.05861
-3.28121
-2.83602
-2.78968
-3.80043
-1.93084
-2.57788
-1.90521
-1.75259
-3.34073
-3.34073
-4.28613
-3.71877
-3.42244
-3.45564
-1.24087
-1.20177
-1.66361
-1.97084
-1.97084
-3.04518
-1.92078
-2.35832
-2.35832
-2.35832
-3.85525
-2.35069
-3.3633
-3.3633
-3.3633
-1.04844
-0.750468
-0.308235
-0.382389
-0.382389
-1.10081
-0.759514
-0.235979
-0.10808
-0.10808
-0.10808
0.888839
0.652249
1.09222
1.09222
1.49457
0.186713
0.285201
0.285201
-1.0046
-1.46038
-0.866983
-0.987954
-0.368332
-0.821323
-0.821323
-0.849372
-0.849372
-0.849372
-0.851684
-1.49053
-1.49053
-2.42526
-2.42526
-2.35353
-2.35353
-2.05583
-0.3498
-1.19318
-1.19318
0.363192
-0.377841
-0.377841
-3.62316
-2.96043
-2.96043
-2.92475
-2.92475
-1.23341
-1.23341
-2.24415
-0.565638
-0.468308
-0.468308
-0.185436
-0.185436
0.803308
0.704444
-1.35535
-3.30969
-3.76127
-2.56611
-2.50845
-1.20834
-1.20834
-2.79076
-3.22665
-4.90443
-4.08439
-4.08439
-4.35421
-2.22588
-3.13768
-3.13768
-1.37671
-1.37671
-0.360044
-1.14345
-2.07464
-2.07464
-2.07464
-1.24204
-1.24204
-2.31385
-2.57541
-2.58123
-3.11796
-2.88954
-1.26466
-1.52917
-2.23411
-2.15687
-2.15687
-1.78211
-1.78211
-1.30628
-1.86091
-1.0437
-3.98694
-4.14696
-4.22035
-3.54151
-3.9299
-3.01407
-3.01407
-3.92668
-3.39362
-1.93266
-1.93266
-2.61739
-1.18188
-4.15769
-1.24064
-2.40156
-4.14473
-3.74944
-3.53892
-3.53892
-1.76196
-1.68085
-2.03677
-1.41659
-1.41659
-1.91684
-1.91684
-0.935402
-1.96964
-2.12783
-2.12783
-1.7313
-1.7313
-2.16315
-2.82919
-4.69057
-4.69057
-4.56593
-4.56593
-3.91625
-4.80588
-3.24744
-0.952128
-1.01041
-1.21944
-0.578297
-1.76931
-2.0285
-2.8187
-2.8187
-2.8187
-2.8187
-2.8187
-2.45283
-3.28581
-3.28581
-2.45587
-2.69769
-1.16895
-0.199794
-1.00547
-1.96123
-2.52569
-2.52569
-2.45176
-2.94576
-2.94576
-2.79741
-3.9396
-3.73716
-3.42171
-2.57783
-1.90119
-1.90119
-3.25177
-3.25177
-1.56482
-2.1523
-2.25649
-2.25649
-2.75832
-1.71921
-1.71921
-0.612879
-0.612879
-0.28785
-1.90557
-0.286131
-0.539512
-0.99554
-0.99554
-0.99554
-0.240122
-1.41582
-2.07474
-5.58554
-3.15973
-3.15973
-3.15973
-3.15973
-2.42415
-2.42415
-2.42415
-3.45465
-0.515852
-0.515852
-0.764111
-1.67822
-0.613499
-1.37877
-1.98782
-2.06247
-2.34267
-3.42473
-1.35054
-2.70652
-1.07127
-1.45269
-1.28017
-0.612285
-0.180777
-0.180777
-1.93865
-1.48246
-1.48246
-1.52174
-2.2228
-2.2228
-2.303
-2.51506
-2.29772
-2.65386
-2.65386
-4.43698
-4.43698
-4.43698
-4.12371
-2.52923
-2.28168
-2.12617
-2.12617
-1.73241
-2.3241
-1.09536
-1.61568
-1.61568
-2.47015
-1.94453
-2.19749
-0.691984
-0.815476
-2.01189
-0.399444
-0.399444
-1.87545
-1.87545
-2.09401
-3.3106
-3.45635
-3.90592
-1.80216
-2.26571
-2.26571
-1.31473
-3.43188
-5.018
-5.99526
-6.31212
-5.9536
-5.10929
-5.29493
-5.29493
-5.33897
-2.40058
-3.27444
-3.27444
-3.972
-3.972
-0.599643
-0.599643
-2.61414
-2.83934
-2.59682
-2.59682
-0.700702
-1.74879
-0.096199
-0.096199
-1.99469
-0.956631
-3.41854
-2.30059
-2.71231
-2.71231
-3.95527
-3.75889
-3.29928
-1.71331
-1.71331
-1.71331
-1.24326
-0.37857
-0.37857
-2.02334
-1.92541
-3.21356
-3.21356
-1.89376
-1.89376
-1.89376
-2.35089
-3.75698
-3.50105
-1.83155
-0.324873
-0.585765
-2.42963
-2.67708
-2.67708
-2.67708
-2.59241
-3.65742
-3.65742
-3.24051
-3.68049
-3.46824
-2.36815
0.452646
-3.80506
-2.82619
-2.82619
-2.08641
-3.74548
-2.16122
-2.16122
-2.16122
-2.16122
-2.16122
-1.72828
-1.27735
-1.27735
-3.65399
-2.38599
-3.15223
-3.36145
-0.511892
-3.67734
-3.80829
-3.72071
-4.17358
-4.17358
-2.80864
-3.16816
-3.16816
-3.16816
-3.16816
-1.81023
-2.46024
-1.39479
-1.39479
-1.39479
-1.5831
-2.54056
-2.54056
-1.99022
-1.93295
-1.93295
-1.93295
-2.95586
-2.95586
-0.576635
-0.603895
-0.603895
-1.6973
-1.6973
-2.94601
-1.6973
-1.6973
-4.09896
-4.09896
-1.62875
-2.14894
-2.14894
-1.15576
-1.58658
-1.58658
-2.01585
-2.15159
-1.58511
-0.524811
-1.21028
-1.63905
-2.40293
-1.56315
-3.69529
-3.00891
-3.00891
-3.04118
-3.27446
-4.85549
-4.85549
-4.85549
-4.85549
-2.61373
-2.33166
-3.46415
-3.46415
-3.10422
-1.19581
-0.467851
-3.01796
-4.41322
-3.45687
-2.88596
-2.96209
-3.54453
-2.47991
-2.34306
-4.75082
-4.75082
-5.01267
-5.01267
-5.01267
-4.71674
-4.71674
-3.03071
-3.42776
-3.02404
-3.02404
-2.67305
-4.01344
-3.23668
-3.74368
-4.05098
-4.05098
-3.53017
-2.42033
-2.03531
-2.03531
-2.49694
-3.09517
-3.09517
-2.03982
-2.7439
-1.73325
-1.73325
-1.73325
-2.35177
-0.634258
-1.97302
-1.97302
-3.25105
-4.02554
-4.02554
-4.02554
-2.90113
-2.90113
-2.29095
-2.29095
-2.29095
-2.4135
-2.4135
-0.821275
-0.821275
0.83098
0.83098
-1.61887
-2.93755
-0.614544
-0.487782
-0.487782
-1.82349
-3.80384
-3.80384
-3.80384
-2.60897
-0.421116
0.511304
-0.00871211
-0.00871211
1.16311
0.361077
0.05199
0.05199
-2.68053
-3.90848
-3.90848
-2.0561
-3.65812
-3.65812
-2.33931
-2.33375
-2.33375
-3.08874
-4.1639
-4.25499
-4.25499
-3.46086
-3.16593
-3.33923
-3.33923
-0.565084
-0.686426
-0.686426
-1.83391
-0.224515
-0.971216
-1.47888
-1.8601
-1.8601
-3.07119
-3.07119
-3.07119
-3.34892
-4.21107
-3.60803
-3.60803
-3.69754
-3.69754
-3.69754
-4.86208
-4.86208
-3.26331
-3.26331
-3.46362
-3.0552
-1.48478
-1.20504
-1.20504
-1.96517
-1.97975
-2.82597
-2.82597
-3.15546
-1.69497
-3.17252
-2.8232
-3.11605
-2.6892
-1.45931
-1.00078
-1.03834
-1.03834
0.114723
-1.03343
-1.41343
-2.19459
-3.8061
-4.59021
-4.32
-4.06764
-3.07616
-3.00901
-3.849
-3.849
-4.03567
-1.49827
-1.26179
-1.26179
-2.75237
-2.75237
-3.10153
-2.62368
-2.50839
-0.934722
-1.89089
-1.89089
-3.88201
-3.88201
-3.88201
-3.12047
-1.61313
-2.00792
-0.971885
-0.0599688
-0.0599688
2.0403
2.0403
2.22629
2.46493
2.71202
2.71202
2.71202
2.74382
-0.114757
-1.59644
-1.59644
-0.773159
-0.773159
-1.963
-3.59846
-4.1091
-3.94005
-3.89884
-3.89884
-2.62374
-0.892548
0.113361
0.113361
1.1674
-0.41575
-0.104046
-0.104046
-0.104046
-0.104046
-0.566106
-1.90124
-1.53202
-1.80525
-2.52192
-2.53819
-2.53819
-2.53819
-1.6713
-2.56807
-2.56807
-1.42149
-1.17198
-1.04884
-1.04884
-1.6406
-1.02531
-1.55499
0.193046
-0.840966
-1.54344
-1.12123
-1.12123
-1.12123
-1.43929
-2.80433
-1.4742
-2.99066
-2.86675
-2.86675
-2.86675
-2.45344
-3.15954
-4.25824
-3.24217
-0.644575
-1.70984
-1.36803
-2.93486
-1.9804
-2.84556
-3.30224
-3.10291
-0.218097
-0.0302951
-1.1447
-1.1447
-2.06468
-2.06468
-3.13008
-3.37131
-2.94057
-1.41962
-1.20246
-2.13655
-3.16113
-1.12421
-2.10356
-2.19865
-2.48798
-2.48798
-2.48798
-2.48798
-3.25719
-2.56034
-3.34644
-2.12809
-2.54401
-2.87308
-2.87308
-4.6947
-3.37379
-1.1768
0.283511
-0.905838
0.18436
0.18436
0.18436
0.18436
-1.64577
-1.64577
-1.46629
-1.46629
-1.42538
-2.02043
-2.07129
-2.07129
-2.04126
-4.17441
-4.84716
-2.63231
-2.63231
-2.63231
-4.11299
-4.11299
-4.66066
-4.66066
-3.52927
-2.39852
-2.39852
-2.39852
-2.39852
-0.887287
0.199514
0.199514
-1.95677
-0.778347
-1.62333
-1.42046
-1.12782
-0.731868
-0.731868
-3.12224
-3.12224
-4.4092
-4.116
-4.116
-4.2145
-4.2145
-1.64538
-3.59787
-3.59787
-2.52056
-2.52056
-2.52056
-3.89646
-3.89646
-3.44847
-4.03962
-5.84846
-6.21118
-6.21118
-5.92091
-3.21799
-4.54055
-3.67692
-3.88298
-5.43518
-4.87649
-4.87649
-3.00297
-2.56272
-2.14528
-2.14528
-2.14528
-1.9121
-2.51502
-4.58758
-4.58758
-4.19081
-3.44748
-3.62164
-3.91073
-2.19473
-2.19473
-2.13191
-1.8768
-1.8768
-2.07929
-2.60444
-2.60444
-2.60444
-3.33422
-3.23786
-1.71514
-2.25982
-3.35889
-2.7078
-2.4291
-2.8106
-2.8106
-2.47931
-2.28253
-2.28253
-2.28253
-2.5849
-2.5849
-1.92543
-1.85013
-1.85013
-1.85013
-1.70977
-2.4028
-3.78967
-4.00128
-4.00128
-4.07309
-3.57892
-3.57892
-1.96366
-0.329038
-1.77595
-1.77595
-1.87096
-2.79086
-2.79086
-1.88444
-3.57196
-3.87475
-3.87475
-1.23339
-0.406766
-0.109028
-0.109028
0.159703
0.159703
-1.88903
-1.33102
-1.33102
-1.73245
-1.73245
-1.48759
-2.5343
-3.3058
-3.3058
-3.3058
-2.68401
-2.68401
-2.16433
-2.16433
-2.16433
-0.178534
-0.178534
-0.293826
-0.0773409
-2.36679
-2.33155
-2.70049
-2.70049
-2.70049
-3.88003
-3.88003
-4.16382
-3.62573
-2.62608
-2.42882
-3.63075
-1.72866
-2.35044
-2.00869
-1.43714
-2.47349
-1.83709
-1.11075
-1.13339
-1.13339
-1.13339
-3.54953
-3.54953
-2.21222
-2.21222
-1.03643
-1.73923
-1.73923
-2.9481
-2.9481
-2.9481
-1.79948
-1.79948
-1.06037
-1.38632
-2.39583
-3.4076
-3.78843
-3.78843
-3.78843
-3.21731
-3.0202
-3.0202
-3.0202
-1.05513
-1.0804
-1.17883
0.839875
-0.74469
-0.74469
-0.74469
-0.74469
-1.48139
-1.37965
-3.1675
-3.1675
-2.89393
-2.24037
-2.87077
-2.87077
-2.85632
-2.85632
-0.855462
-3.52221
-3.13616
-2.22417
-2.45346
-5.73621
-6.89749
-3.91682
-4.23872
-4.23872
-2.68638
-1.68844
-1.68844
-0.978638
-1.10548
-1.10548
-2.22436
-0.625525
0.213056
-1.6827
-3.11656
-3.11656
-1.36926
-4.66399
-4.6367
-4.6367
-4.52157
-3.51756
-2.38996
-2.77638
-2.77638
-1.42878
-0.78977
-0.0746083
-0.0746083
-0.258151
-0.394636
-0.394636
-1.63485
-3.16216
-0.695685
-1.25279
-0.591026
-0.591026
0.535538
-2.58559
-2.58559
-2.68254
-4.20701
-5.43538
-4.22741
-3.35357
-3.04323
-4.05448
-1.43015
-1.82781
-1.82781
-1.82781
-1.03957
-2.29787
-1.5402
-2.95288
-2.72294
-2.71297
-1.07447
-2.82022
-4.2161
-3.12818
-3.04266
-3.59329
-2.10972
-1.50942
-2.21875
-2.02641
-1.65723
-1.65723
-1.06444
0.157987
0.157987
1.11176
1.11176
0.5398
0.5398
0.766226
-1.68072
-2.51606
-1.61553
-3.32448
-1.89158
-0.706353
-2.44454
-3.06632
-3.75217
-3.54549
-3.05423
-0.482911
-0.793058
-3.51721
-3.26504
-2.83616
-1.6373
-1.6373
-0.781489
-2.25371
-2.25371
-0.74316
0.283039
0.298846
1.37362
-0.0598587
-1.75306
-1.00228
-0.747892
-0.747892
-0.763153
-2.16125
-2.16125
-1.48761
-3.55563
-3.55563
-4.55324
-4.16813
-4.16813
-3.48235
-3.43614
-3.43614
-3.43614
-2.33437
-0.833237
-1.58171
-2.33116
-2.33116
-2.45642
-1.98453
-1.98453
-1.98453
-3.56883
-3.43487
-3.51291
-3.21936
-2.25163
-2.25163
-0.195833
-0.195833
1.12393
0.0197413
-1.34695
-0.399058
-0.399058
0.270253
0.44949
0.44949
0.44949
0.44949
-0.233555
-0.0509687
-0.0509687
-1.28623
-2.42599
-2.6283
-3.23814
-4.01775
-4.01775
-4.19754
-5.57252
-4.50579
-2.37799
-4.33489
-4.33489
-2.19667
-3.22941
-2.88421
-2.88421
-0.950192
-0.950192
-3.27395
-3.27395
-1.83182
-1.58077
-1.58077
-1.42859
-1.44928
-0.0201453
-0.0201453
-0.0201453
-0.0201453
-0.310071
0.30704
0.30704
0.30704
0.30704
-0.644259
-0.644259
0.875002
-2.15912
-0.218617
-3.69097
-4.18104
-4.03877
-4.18736
-2.90536
-2.16172
-0.966135
-1.06137
-2.05448
-2.05448
-0.708614
2.05956
2.05956
2.01266
2.01266
1.11623
-1.62322
-1.98871
-1.98871
-1.98871
-1.98871
-1.98871
-2.22271
-0.928976
-0.928976
-0.928976
-1.06994
-1.06994
-0.357273
-0.357273
-0.729515
-1.77626
-2.05898
-2.06035
-2.06035
-2.00405
-2.61508
-1.27394
0.0164517
-1.22385
-2.13747
-3.42151
-3.14569
-2.86127
-2.86127
-1.59094
-2.18292
-2.18292
-1.89935
-1.89935
-0.73667
-0.73667
-1.15187
-2.77944
-1.223
-2.32616
-2.32616
-1.36329
-2.63637
-1.22471
-1.86161
-1.86161
-2.39082
-0.231909
-0.154708
-0.154708
-0.154708
-2.69479
-2.39373
-1.25329
-1.37647
-0.435586
-2.40984
-2.92592
-2.92592
-1.71626
-1.71626
-1.71626
-0.147344
-1.09744
-1.44689
-1.89687
-1.89687
-2.43343
-2.43343
-2.01103
-1.19169
-1.19169
-1.19169
0.0354681
0.249084
0.501743
-1.36244
-2.19533
-0.408667
-2.52314
-1.98562
-1.98562
-3.66221
-3.66221
-3.66221
-2.91449
-4.04588
-3.56989
-3.92502
-1.8757
-2.27368
-2.54964
-2.54964
-2.74746
-2.38602
-1.30558
-0.975985
1.678
1.51849
-0.146769
0.0247376
0.0247376
-0.731296
-0.731296
-1.80847
-1.80847
-1.58238
-1.77598
-1.28551
-1.09514
-2.10896
-2.10896
-1.1691
-1.1691
-1.1691
-1.44325
-0.779229
-2.7074
-2.7074
-2.73068
-4.81472
-4.81472
-4.87184
-4.6238
-4.6238
-4.6238
-2.41384
-2.41384
-1.42505
-0.335345
-0.335345
-0.453006
-0.453006
-1.12279
-1.14507
-1.70291
-1.70291
-1.70291
-1.70291
-2.6527
-2.26528
-2.95299
-1.31591
-1.31591
-1.22617
-1.22617
-2.57447
-2.55086
-2.86388
-2.86388
-2.86388
-4.1906
-2.295
-2.295
-2.12051
-1.3553
-1.3553
-1.3553
-3.10652
-3.10652
-3.10652
-2.35739
-2.35739
-2.35739
-1.56892
-1.56892
-1.56892
-1.81283
-3.23815
-2.73257
-1.63519
-1.63519
-0.530244
-1.23612
-1.23612
-2.04086
-1.03309
-1.28827
-1.28827
-1.28827
-3.44205
-3.44205
-3.35722
-1.76908
-1.76908
-2.17431
-0.0308981
-0.0308981
0.794457
0.934359
1.8076
1.44921
2.07174
2.56282
2.56282
2.02149
3.24001
3.24001
3.24001
3.24001
3.24001
2.71834
2.71834
2.71834
2.71834
2.68199
1.9522
0.77711
2.29327
1.96309
1.878
1.878
2.40134
2.40134
1.05127
1.05127
0.18894
-0.816428
-3.41416
-2.26385
-2.26385
-2.65521
-2.65521
-4.61792
-2.8613
-2.8613
-2.56092
-4.5999
-3.09956
-4.49604
-4.51381
-0.7418
0.216106
0.549098
0.549098
-1.09015
-1.09015
-1.09015
-2.3263
-1.79847
-1.17379
-2.10802
-1.636
-1.636
-1.636
-2.59679
-1.72497
-3.63122
-3.16413
-2.21121
-1.36922
-1.36922
-1.52758
-2.42776
-3.91638
-3.91638
-4.54068
-4.03566
-3.98478
-3.98478
-4.13482
-3.23261
-3.23261
-3.6556
-3.04461
-2.80388
-2.80388
-2.02937
-1.73174
-2.40984
-2.50598
-0.358294
-1.3797
-1.56435
-2.89294
-3.41612
-3.41612
-3.71217
-2.17525
-2.17525
-2.75378
-2.75378
-2.75378
-0.623661
-0.623661
-0.623661
-0.516316
-0.285919
-2.20123
-3.88105
-3.60632
-3.60632
-3.60632
-4.09252
-4.09252
-4.09252
-3.50175
-3.50175
-3.50175
-1.25145
-0.867406
-1.02976
-1.02976
-1.23874
-1.23874
-1.23874
-2.89158
-2.89158
-2.37283
-3.38022
-1.33365
-2.28049
-2.28049
-2.26526
-2.26526
-2.26526
-2.26526
-2.01953
-0.969916
-2.6204
-1.48988
-3.52747
-2.99687
-2.99687
-2.99687
-2.9585
-2.9585
-0.858126
-0.57645
-2.06143
-3.40034
-3.1077
-2.19332
-1.73474
-2.03586
-3.85179
-2.06284
-2.06284
-3.71099
-3.71062
-2.41557
-2.25295
-3.19674
-2.55083
-1.5552
-3.07118
-3.44687
-1.04726
-3.14269
-3.14269
-2.6156
-2.47648
-2.47648
-2.47648
-3.27739
-1.31143
-2.18935
-1.79786
-1.79786
-0.216203
-3.11864
-3.11864
-2.22024
-1.26724
-2.00178
-0.979961
-1.81148
-0.787966
-0.787966
-0.787966
-0.787966
-0.787966
-0.787966
0.119395
0.119395
-0.0545833
-0.297143
-0.297143
-0.297143
-0.891926
-0.959181
-3.06891
-1.17325
-0.257577
-0.257577
-1.49863
-1.49863
-1.54551
-2.61346
-1.71369
-2.04709
-2.04709
-2.04709
-3.19523
-4.24986
-3.03255
-3.89519
-1.52887
-1.52887
-1.52887
0.373492
-0.649646
-0.476148
-0.476148
-0.175079
-0.175079
-0.545414
-0.545414
-0.545414
-1.8967
-2.77854
-2.999
-2.999
-2.83414
-3.27197
-3.27197
-3.3327
-3.3327
-3.18377
-2.25877
-3.10413
-3.10413
-2.0373
-4.17974
-4.17974
-4.17974
-3.98489
-2.27753
-2.18683
-1.31206
-0.480994
1.40674
1.40674
1.40674
-2.68105
-2.48311
-2.96094
-2.96094
-2.96094
-2.96094
-3.42132
-3.96302
-2.50645
-2.4518
-2.4518
-1.07978
-2.17293
-2.97485
-2.97485
-1.65427
-1.65427
-0.621027
-0.621027
-0.399068
-1.08873
-1.08873
-1.08873
-3.10658
-2.4035
-3.12919
-3.12919
-2.71762
-2.71762
-3.26576
-2.55351
-1.86109
-4.93625
-2.12276
-0.166942
1.90972
1.90972
-0.30846
-1.18464
-1.31068
-3.12025
-3.12025
-3.12025
-0.88464
-0.88464
-0.998456
-0.998456
-3.9944
-5.12275
-5.12275
-4.85554
-1.90251
-3.59166
-2.61204
-2.50402
0.0241082
-1.53828
-1.53828
-1.35943
-1.35943
-0.262681
-0.262681
0.470261
-2.99182
-3.25618
-2.63014
-2.63014
-2.63014
-1.13305
-1.0907
-1.99905
-1.1145
-0.286198
0.694667
-1.29016
-0.804342
-0.804342
-0.804342
-0.133401
-1.39972
-2.23704
-2.0277
-2.0277
-2.0277
-1.75906
-1.64535
-2.09912
-2.09912
-2.54069
-2.80489
-3.79216
-3.79216
-4.30628
-1.81687
-1.25817
-2.47851
-2.19478
-2.19478
-3.84635
-3.84635
-3.97567
-3.97567
-3.97567
-4.20852
-3.54646
-2.9931
-2.9931
-2.9931
-1.29353
0.649203
-0.0115796
-2.34903
-2.76024
-3.66265
-5.85755
-5.12079
-5.12079
-4.82825
-4.14561
-5.74814
-5.74814
-4.26354
-3.25216
-3.19929
-1.30183
-0.0827353
-0.0827353
-0.192456
-1.14351
-1.14351
-1.63586
-1.29967
-1.29967
-1.46509
-1.39232
-2.23558
-1.08014
-1.44116
-1.44116
-3.112
-2.08221
-2.08221
-1.75679
-2.5962
-3.28985
-2.4354
-2.6364
-3.60643
-3.60643
-2.4357
-2.6145
-2.18842
-3.66485
-2.0297
-1.29409
-1.29409
-1.29409
-2.07873
-0.865183
-1.40793
-1.40793
-3.91985
-1.97531
-1.97531
-1.62218
-1.62218
-2.22196
-2.37025
-2.6791
-2.6791
-1.27811
-0.807896
-1.4541
-1.03095
-0.383439
-0.383439
-0.383439
-1.64041
-1.64041
-1.64041
-2.08418
-1.76922
-1.70889
-1.00632
-0.546979
-0.546979
-0.546979
-0.546979
-0.356218
-2.88089
-1.74238
-3.23941
-1.5343
-2.07449
-2.67987
-3.27274
-0.986809
-1.45616
-1.45616
-0.647886
-0.68222
-1.07113
-0.0484502
-2.43889
-3.05384
-3.63241
-3.30044
-2.49095
-3.03515
-1.13456
-2.00286
-2.55845
-1.72539
-3.26566
-2.51505
-4.29817
-2.45047
-4.11892
-3.87456
-3.87456
-3.69387
-2.29993
-2.29993
-2.29993
-2.29993
-1.51567
-1.51567
-1.51567
-1.51567
-1.20745
-1.20745
-0.147925
-0.147925
-0.147925
-0.864397
-1.90152
-1.41168
-1.41168
-1.41168
-1.41168
1.52346
2.12007
2.12007
2.12007
1.91282
1.91282
-0.709237
-1.59158
-0.944214
-0.49366
-3.54626
-3.66485
-2.02689
-2.02689
-2.02309
-2.02309
-2.02309
-1.28193
-0.900975
-0.900975
-0.780447
-3.56773
-3.56773
-3.39482
-0.400333
-0.400333
-0.347288
-1.37888
-1.37888
-2.10286
-2.10286
-0.933359
-0.933359
-2.68519
-2.91341
-2.91341
-2.91341
-2.91341
-3.31222
-2.42227
-3.69787
-3.69787
-3.69787
-3.59875
-3.59875
-3.59875
-4.75615
-3.71014
-3.71014
-3.44598
-2.4228
-1.34891
-1.68876
0.120662
0.120662
0.992776
-0.245398
-0.245398
-0.504399
-0.504399
-1.22185
-3.24911
-3.24911
-2.49602
-2.31618
-2.31618
-2.26394
-0.442964
-0.442964
-0.0781443
-0.0781443
0.45822
-2.00654
-2.00654
0.127167
-0.926762
1.4069
1.30925
2.06472
2.06472
2.06472
1.36533
0.408776
-1.17647
-0.935564
-1.77244
-0.758254
-1.35021
-3.92321
-3.92321
-3.21439
-3.21439
-2.09
-2.10735
-1.36958
0.283342
-1.91465
-1.71225
-1.71225
-1.87952
1.3371
1.29527
-1.07223
-0.676598
0.296171
-0.612991
-0.612991
-1.20536
-3.02843
-1.03418
-1.03418
-1.07199
-1.78077
-1.78077
-1.78077
-1.48144
-4.2572
-4.2572
-4.2572
-4.40396
-4.47304
-2.29203
-1.92107
-1.92107
-0.0772331
0.324568
-0.181918
-2.13202
0.0108864
-1.44179
-1.44179
-1.44179
-0.451997
-1.76946
-1.58679
-2.89463
-0.860297
-0.860297
-0.860297
-2.37982
-1.35619
0.0699582
-1.68266
-0.604193
-0.628025
-0.625692
-0.625692
-0.625692
-0.625692
-2.9548
-2.9548
-2.9548
-2.9548
-2.9548
-2.9548
-2.28351
-0.26611
-0.26611
-0.26611
-0.26611
-0.26611
-0.26611
-0.913744
-0.913744
-0.913744
-1.85139
-1.85139
-1.91434
-1.91434
-2.74935
-2.35745
-1.53345
-1.53345
-1.11679
-2.89994
-1.69776
-1.69126
-1.69126
-4.16653
-0.449015
-0.330299
-3.0126
-2.41407
-2.43541
-2.43541
-0.693631
-2.0008
-1.48001
-2.47774
-2.86784
-4.876
-4.57603
-3.9373
-4.08404
-3.27867
-1.04183
-1.04183
-1.23221
-1.23221
-3.1737
-3.98766
-2.65456
-3.01382
-2.50726
-2.50726
-3.27152
-3.27152
-3.27152
-3.61161
-3.55109
-2.88356
-2.88356
-3.58962
-2.93654
-3.22084
-3.22084
-3.22084
-5.12193
-5.12193
-6.4283
-4.01891
-2.22807
0.893829
-0.433328
-0.433328
0.367272
-0.0590681
-0.0590681
0.558583
0.558583
1.93766
1.93766
1.93766
0.33409
-0.615383
-2.63084
-2.38653
-2.38653
-2.89735
-3.57673
-2.63178
-2.63178
-3.86538
-4.11809
-4.11809
-4.11809
-2.94677
-4.0187
-5.02078
-5.02078
-5.2406
-6.26227
-7.38537
-6.49893
-6.88018
-2.2429
-2.2429
-2.01176
-3.89121
-3.89121
-3.89121
-2.89519
-2.89519
-2.49275
-1.67506
-2.93622
-2.64542
-2.64542
-1.83287
-1.83287
-1.83287
-1.83287
-0.560256
-0.556537
-3.51522
-2.34951
-4.24503
-3.45396
-1.8894
-1.1941
-1.25891
-1.25891
-1.25891
-2.05917
-2.11128
-1.61485
-0.366161
-0.881048
-0.249344
-0.515408
-3.48065
-2.82002
-3.90961
-3.572
-3.05074
-1.9884
-1.84778
-1.57376
-1.57376
-1.87381
-1.74659
-1.74659
-1.74659
-1.74158
-2.54646
-3.36993
-2.34061
-1.24566
0.00547302
0.184441
-0.235705
0.496728
1.2658
1.06508
-0.534964
-0.25346
-0.25346
-2.29493
-1.91498
-1.91498
-0.865544
-2.72003
-4.18891
-4.18891
-4.0839
-4.0839
-3.87505
-3.87505
-3.87505
-3.87505
-3.99743
-3.82046
-3.02934
-2.56487
-1.76786
-3.32929
-3.31073
-2.34978
-2.34978
-2.34978
-2.34978
-1.98772
-1.98772
-2.08763
-3.36487
-3.36487
-3.36487
-3.36487
-2.16841
-2.96611
-2.96611
-3.36526
-3.36526
-2.6641
-0.943842
-0.943842
-1.48588
-1.48588
-1.67765
-1.67765
-2.25661
-2.25661
-2.25661
-2.25661
-3.67611
-1.20503
-1.00493
-1.67412
-2.04979
-2.45545
-2.45545
-3.9891
-3.94431
-3.94431
-4.38443
-4.38443
-3.35187
-2.52572
-2.01825
-2.95012
-2.95012
-1.63877
-3.44112
-4.20377
-3.07013
-1.14552
0.31243
0.635513
0.276581
-1.24182
-1.44343
-1.65737
-1.65737
-0.441344
-0.90447
-1.10168
-1.40782
-1.67474
-1.24197
-1.24197
-0.636114
-0.636114
-0.487587
-0.200765
-0.200765
-0.302615
-0.302615
-0.302615
-0.808113
-2.69194
-2.69194
-2.47813
-2.19514
-2.19514
-1.433
-1.8248
-2.49827
-2.26863
-2.26863
-2.26147
-4.18654
-3.95092
-2.75456
-2.75456
-2.17077
-2.17077
-0.798313
-1.81962
-1.08947
-0.316068
0.368537
0.368537
-0.600314
-1.9474
-1.00608
-1.7111
-2.38798
-1.03059
0.576713
0.576713
1.47462
0.171429
-1.97834
-2.39723
-2.39723
-4.76344
-5.42685
-5.42685
-5.0786
-5.98056
-5.33321
-6.61066
-6.61066
-7.89394
-4.82292
-4.83339
-4.83339
-1.47455
-0.555034
-1.21666
-2.91722
-2.39703
-2.39703
-3.1203
-3.1203
-3.1203
-1.72113
-2.7649
-1.34673
-1.41645
-1.41645
-0.589478
-1.64496
-3.84021
-2.35861
-1.5599
-3.1388
-1.87323
-0.927789
-0.927789
-0.927789
-0.927789
-2.17668
-2.37165
-1.05914
-1.05914
-3.01698
-3.28255
-3.28255
-2.98985
-3.21577
-3.21577
-3.21577
-3.21577
-3.26071
-5.11867
-5.11867
-3.31978
-3.79177
-3.48001
-3.48001
-3.48001
-2.28937
-2.83256
-2.83256
-1.41423
-0.928541
-0.849993
-0.849993
-0.849993
-1.1263
-1.31405
-3.25894
-3.30738
-3.30738
-3.30738
-0.324055
-0.965147
-0.429444
-3.05485
-2.28643
-3.22786
-3.22786
-3.22786
-3.22786
-3.83358
-5.85123
-6.41612
-6.41612
-4.82005
-4.31028
-4.43566
-2.90522
-2.90522
-0.486271
-0.378334
0.0213569
0.0781424
0.784076
0.784076
0.784076
-1.02006
-2.6809
-3.27117
-1.72555
-1.41022
-0.843313
-0.843313
-2.4872
-2.4872
-3.16248
-4.3199
-4.3199
-3.9449
-3.9449
-4.41233
-5.17316
-5.17316
-3.80671
-1.62286
0.305624
-2.19992
-2.33963
-1.84952
-2.49844
-2.49844
-1.25001
-2.62761
-3.03763
-4.13891
-4.13891
-3.96784
-4.65543
-4.65543
-5.08974
-5.08974
-3.41542
-4.40095
-4.9729
-4.9729
-4.9729
-4.9729
-4.15635
-2.77315
-2.20479
-2.20479
-1.78335
-1.78335
-0.315232
-0.315232
-1.10286
-1.3347
-1.81592
-1.81592
-2.15494
-1.04136
-0.684976
-0.684976
-1.72747
-1.72747
-2.46999
-1.22627
-2.48503
-2.37702
-3.18592
-4.85549
-4.85549
-4.85549
-4.85549
-4.85549
-2.67137
-3.62111
-3.62111
-3.62111
-1.5051
-1.61
-2.59969
-2.91101
-0.1103
-0.780847
-0.0759832
-2.34213
-1.26786
-0.430577
-0.430577
0.0968306
0.177277
0.276339
0.50296
0.836431
0.836431
0.836431
-1.98027
-1.98027
-2.05505
-1.12759
-0.339976
-0.339976
-0.339976
0.779687
0.779687
0.0773548
-0.198029
-0.204115
-0.471714
-0.248783
0.234756
-0.353577
-1.27848
-0.312849
-0.312849
-1.72444
-1.22452
-3.50332
-3.50332
-3.49173
-2.49411
-2.49411
-0.878657
-2.6876
-3.62676
-3.15223
-0.606223
-0.606223
-1.8108
-1.8108
-1.8108
-1.8108
-2.49423
-2.49423
-2.49423
-4.04257
-3.967
-4.2522
-3.37424
-2.72867
-2.72867
-3.35703
-3.35703
-2.21096
-3.9082
-3.73947
-4.18809
-4.18809
-3.02338
-2.34871
-3.50274
-4.31479
-3.64166
-1.91119
-0.310447
-1.19411
-0.713708
-1.50267
-1.50267
-1.50267
-1.50267
-2.3173
-2.3173
-2.52941
-2.52941
-2.52941
-2.52941
-2.85345
-2.85345
-2.33437
-2.11836
-4.26384
-3.30314
-3.30314
-3.30314
-3.06691
-4.20811
-3.57745
-2.2056
-2.2056
-3.24859
-0.610484
-0.723346
-2.19532
-2.25049
-2.25049
-2.25049
-2.25049
-0.688564
-1.38413
-2.96373
-3.77405
-5.13205
-5.13205
-5.13205
-5.13205
-6.82098
-6.82098
-5.40279
-5.91567
-6.10218
-5.02032
-5.36046
-5.29402
-3.89371
-3.89371
-3.89371
-3.92061
-3.92061
-3.75017
-3.75017
-3.49256
-2.35733
-2.71979
-2.87409
-2.32676
-1.11952
-1.11952
-1.99832
-2.0858
-1.79657
-1.20009
1.2621
1.2621
-1.39371
-1.39371
-1.39371
-2.57532
-2.57532
-2.57532
-2.52094
-2.52094
-2.52094
-0.446929
-3.31034
-1.68027
-0.0260876
-0.0260876
-0.353173
-2.37706
-3.70351
-3.70689
-2.00143
-1.12033
-1.12033
-2.11901
-0.179875
-0.913243
-1.47906
-1.47906
-3.83099
-5.12434
-5.98253
-6.16469
-4.14289
-4.18064
-4.18064
-3.23624
-3.23624
-3.23624
-3.23624
-3.23624
-4.3728
-4.31968
-4.31968
0.0172176
-1.33841
-2.8396
-2.8396
-2.94564
-4.89772
-4.21718
-4.05769
-4.20731
-4.20731
-2.40748
-2.40748
-2.40748
-2.96159
-3.42335
-4.25638
-3.22339
-3.22339
-1.06622
-1.88705
-1.651
-1.44002
-1.32156
-0.674763
-0.674763
-0.617809
-0.711722
-0.711722
-3.57315
-3.57315
-3.57315
-2.77634
-2.29365
-3.35898
-1.58773
-1.83798
-1.72699
-2.01774
-0.995732
-1.52235
-1.52235
-2.77473
-2.77473
-3.55014
-3.55014
-2.53965
-3.5693
-1.57265
-1.24931
-1.24931
-1.84416
-1.92858
-3.36274
-3.89138
-3.89138
-0.561185
-0.160341
-0.160341
-0.0509921
-1.65709
-0.743908
0.45126
1.06462
1.06462
0.599899
1.45657
1.45657
0.107127
-2.25254
-1.15248
-0.0570828
-1.55673
-1.30405
-2.28984
-2.28984
-1.78634
-1.78634
-1.38429
-1.38429
-2.58967
-2.76688
-2.76688
-2.9278
-3.50157
-0.920702
-0.43065
-1.38514
-2.88715
-2.81938
-1.65295
-1.65295
-2.80119
-2.05976
-2.92562
-2.36889
-3.03099
-3.03099
-2.51068
-1.02401
-0.931552
-0.931552
1.6925
1.6925
1.6925
-2.07529
-0.149907
-0.149907
-1.50127
-4.4921
-5.4768
-5.4768
-5.4768
-5.4768
-4.38242
-3.18874
-3.24639
-4.01407
-4.04191
-2.41396
-1.59731
-2.45276
-1.74766
-1.76735
-4.12685
-4.97039
-4.44161
-3.0456
-3.0456
-3.0456
-4.40827
-3.83048
-3.83048
-3.83048
-2.68558
-2.42615
-1.72497
-2.70411
-3.45718
-3.45718
-3.70091
-3.20538
-1.04995
-1.04995
-3.09142
-3.67169
-3.78169
-2.88245
-2.88245
-1.59357
-1.31585
-1.31585
-2.36206
-1.95224
-3.57373
-3.57373
-4.22065
-4.22065
-4.22065
-3.7382
-3.7382
-2.78805
-0.149604
-1.39669
-0.631289
-2.12165
-1.05013
-1.52744
-1.52744
-1.88272
-2.27094
-2.40877
-3.97693
-3.22189
-2.77076
-3.24856
-2.18981
-2.18981
-0.161005
-0.0707532
0.479568
1.15831
-0.552356
-0.456881
-2.10422
-1.72088
-1.50792
-1.50792
-2.13584
-2.94607
-2.94607
-2.94607
-2.02764
-1.49507
-1.49507
-1.22951
-1.41909
0.505279
1.36652
1.63163
1.63163
1.31613
2.06106
2.06106
2.06106
1.13709
1.13709
1.13709
1.13709
1.16237
0.507068
-0.200852
0.739962
-0.261958
-0.0769924
-2.32824
-2.32824
-2.35503
-2.35503
-2.42265
-2.54725
-2.54725
-1.81423
-1.47255
-1.47255
-1.47255
-1.04545
-1.04545
-1.2932
-3.56921
-0.633591
-2.77032
-2.77032
-1.85011
-2.63283
-4.38942
-4.16704
-2.27232
-2.27232
-1.87182
-1.87182
-2.03335
-2.03335
-1.20649
-0.237427
-1.80838
-1.32491
-1.57911
-1.57911
-3.94842
-2.62903
-2.62903
-1.44186
-1.44186
-1.44186
-1.44186
-1.44186
-0.660243
-1.34859
-2.16105
-1.49713
-1.21304
-2.06526
-2.06526
-1.37528
-1.57581
-1.57581
-1.57581
-3.0378
-3.18516
-3.33748
-5.27792
-5.26181
-5.26181
-5.83891
-5.21418
-6.35945
-3.18836
-4.06482
-0.912087
-0.912087
-0.77868
-2.26086
-3.76237
-3.76237
-3.08131
-3.62971
-0.92665
-1.11875
-1.22487
0.354594
1.49752
1.49752
-0.144304
-4.48309
-4.44649
-4.50451
-6.56724
-6.56724
-6.39653
-5.7838
-3.89238
-3.89238
-3.42933
-3.42933
-3.42933
-0.647178
-0.628067
-0.628067
-0.628067
-1.29135
-0.441691
-4.23442
-3.94239
-3.11054
-3.11054
-3.11054
-3.53333
-3.49023
-5.41799
-5.41799
-5.48621
-3.51084
-3.51084
-3.51084
-2.80267
-2.80267
-2.80267
-2.80267
-2.45843
-2.45843
-1.09299
-0.721756
-2.01922
-1.88054
-1.88054
-1.88054
-2.67525
-4.01024
-4.01024
-3.23294
-3.23294
-2.47172
-1.75747
-1.88483
-0.461687
-1.64809
-1.64809
-1.14782
-0.117405
-1.6541
-3.29597
-2.51277
-3.37937
-2.29473
-1.91074
-1.82301
-2.66058
-2.66058
-2.53874
-2.53874
-1.31665
-1.31665
-1.31665
0.418499
0.0896138
0.0896138
-0.637682
-1.07158
-1.68418
-1.07916
-1.07916
-0.447613
-0.447613
-2.56072
-2.56072
-2.56072
-1.69391
-1.65512
-0.817395
-1.76173
-2.1306
-1.92549
-2.90846
-1.78373
-0.712279
-0.712279
-1.54142
-1.46807
-1.46807
-2.23328
-2.52527
-2.52527
-2.77802
-1.26571
-3.08077
-3.08077
-3.09741
-3.09741
-0.666767
-0.684497
-1.04432
-1.76515
0.30646
0.30646
0.30646
-0.602143
-0.602143
-0.355553
-0.744177
-0.683388
-1.13202
-0.651127
-0.802134
-3.68882
-3.70695
-3.70695
-3.34524
-3.34524
-2.66578
-3.04972
-4.5588
-4.5588
-2.63637
-1.78046
-0.640832
-0.640832
-0.640832
-1.54197
-2.70179
